40 ; nwavenumber
37 ; ncategories
wavenumber

  250,   333,   400,   469,   541,   581,   610,
  667,   676,   800,   870,   909,   944,  1000,
 1087,  1111,  1149,  1220,  1266,  1389,  1538,
 1613,  1667,  1818,  2000,  2222,  2667,  2948,
 3333,  3704,  4000,  4444,  5000,  6510,  9434,
14409, 18182, 29674, 33333, 57600

sulfate_30% (sulfate 30% RH)
Extinction coefficient (m^2/g)
.7498E-01,.3589E-01,.1031E-01,.3361E-01,.4004E-03,
.6165E+00,.8003E-01,.7876E-01,.7111E-01,.8149E-02,
.1293E-01,.1662E-01,.2046E-01,.4668E-01,.4200E+00,   
.1188E+01,.6895E+00,.7984E-01,.5706E-01,.3006E+00,  
.7950E-01,.1576E-01,.1048E-01,.1911E-01,.1916E-01,  
.3007E-01,.9681E-01,.3489E+00,.2312E+00,.7651E-01,  
.1075E+00,.1589E+00,.2300E+00,.4833E+00,.1184E+01,
.2611E+01,.3621E+01,.5814E+01,.6214E+01,.6214E+01
Single-scattering albedo
0.00043,0.00026,0.00368,0.00215,0.99690,
0.00238,0.01414,0.00966,0.01062,0.12213,
0.12863,0.13064,0.13906,0.10313,0.03980,
0.02356,0.00818,0.00565,0.02794,0.04330,
0.02031,0.16968,0.36323,0.39301,0.66441,
0.68554,0.53388,0.19415,0.09339,0.96653,
0.99114,0.98266,0.98422,0.99855,0.99998,
1.00000,1.00000,1.00000,1.00000,1.00000
Asymmetry parameter 
0.01115,0.01501,0.02466,0.03171,0.05975,     
0.01880,0.07887,0.06971,0.07117,0.09032,     
0.10765,0.11770,0.12889,0.15065,0.04242,     
0.03101,0.05832,0.10757,0.12696,0.14466,     
0.15011,0.17005,0.18078,0.20519,0.23085,     
0.25734,0.30355,0.30318,0.32186,0.38032,     
0.40045,0.42629,0.45407,0.51029,0.57351,     
0.62310,0.64187,0.66018,0.66299,.663000      

sulfate_35%  (sulfate 35% RH)
Extinction coefficient (m^2/g)
.8885E-01,.4730E-01,.2470E-01,.5180E-01,.4208E-03,       
.5936E+00,.1050E+00,.1045E+00,.9655E-01,.2722E-01,       
.2450E-01,.2531E-01,.2774E-01,.5569E-01,.5521E+00,       
.1350E+01,.6435E+00,.8370E-01,.6214E-01,.3284E+00,       
.8602E-01,.3305E-01,.3313E-01,.2304E-01,.2464E-01,       
.3727E-01,.1076E+00,.3728E+00,.3443E+00,.8937E-01,       
.1232E+00,.1823E+00,.2644E+00,.5511E+00,.1331E+01,       
.2903E+01,.4013E+01,.6425E+01,.6868E+01,.6868E+01  
Single-scattering albedo
0.00044,0.00033,0.00214,0.00196,0.99705,       
0.00230,0.01306,0.00860,0.00919,0.03944,       
0.07322,0.09305,0.11211,0.09615,0.03519,       
0.01875,0.00731,0.00795,0.03244,0.04408,       
0.02727,0.11162,0.14088,0.39539,0.62469,       
0.66032,0.56538,0.21787,0.09472,0.89348,       
0.98436,0.98368,0.98343,0.99844,0.99998,       
1.00000,1.00000,1.00000,1.00000,1.00000   
Asymmetry parameter 
0.01212,0.01681,0.02683,0.03419,0.06378,       
0.02314,0.07785,0.06970,0.07105,0.08959,       
0.10646,0.11635,0.12708,0.14781,0.05632,       
0.04269,0.06829,0.11687,0.13523,0.15281,       
0.16150,0.17991,0.18860,0.21499,0.24090,       
0.26759,0.31430,0.31766,0.33161,0.39316,       
0.41425,0.44051,0.46865,0.52577,0.59031,       
0.64125,0.66047,0.67896,0.68140,.681400 

sulfate_40% (sulfate 40% RH)
Extinction coefficient (m^2/g)
.1031E+00,.5962E-01,.4055E-01,.7193E-01,.4807E-03,       
.5869E+00,.1339E+00,.1341E+00,.1260E+00,.5040E-01,       
.3851E-01,.3566E-01,.3622E-01,.6517E-01,.6817E+00,       
.1378E+01,.6135E+00,.8825E-01,.6780E-01,.3525E+00,       
.9355E-01,.5224E-01,.5848E-01,.2755E-01,.3099E-01,       
.4561E-01,.1199E+00,.3992E+00,.4696E+00,.1041E+00,       
.1416E+00,.2096E+00,.3044E+00,.6294E+00,.1500E+01,       
.3231E+01,.4448E+01,.7087E+01,.7573E+01,.7573E+01 
Single-scattering albedo
0.00046,0.00041,0.00181,0.00195,0.99741,       
0.00231,0.01222,0.00790,0.00828,0.02307,       
0.04997,0.07115,0.09313,0.09032,0.03170,       
0.01615,0.00670,0.01079,0.03737,0.04546,       
0.03527,0.09532,0.09799,0.40034,0.59953,       
0.64363,0.59688,0.24376,0.09931,0.83340,       
0.97865,0.98464,0.98284,0.99835,0.99998,       
1.00000,1.00000,1.00000,1.00000,1.00000   
Asymmetry parameter 
0.01311,0.01866,0.02903,0.03672,0.06414,       
0.02737,0.07715,0.07043,0.07172,0.09002,       
0.10670,0.11654,0.12694,0.14665,0.06840,       
0.05415,0.07826,0.12604,0.14350,0.16090,       
0.17260,0.18961,0.19656,0.22487,0.25104,       
0.27797,0.32528,0.33153,0.34129,0.40597,       
0.42779,0.45426,0.48261,0.54026,0.60548,       
0.65714,0.67651,0.69471,0.69671,.696700 

sulfate_45%  (sulfate 45% RH)
Extinction coefficient (m^2/g)
.1177E+00,.7294E-01,.5792E-01,.9407E-01,.5832E-02,       
.5918E+00,.1666E+00,.1676E+00,.1594E+00,.7752E-01,       
.5490E-01,.4762E-01,.4587E-01,.7510E-01,.7980E+00,       
.1351E+01,.5926E+00,.9352E-01,.7410E-01,.3737E+00,       
.1022E+00,.7349E-01,.8661E-01,.3271E-01,.3830E-01,       
.5521E-01,.1341E+00,.4287E+00,.6081E+00,.1209E+00,       
.1627E+00,.2413E+00,.3506E+00,.7193E+00,.1691E+01,       
.3598E+01,.4930E+01,.7802E+01,.8330E+01,.8330E+01 
Single-scattering albedo 
0.00049,0.00051,0.00174,0.00204,0.09595,       
0.00237,0.01156,0.00745,0.00769,0.01635,       
0.03754,0.05717,0.07938,0.08546,0.02914,       
0.01465,0.00627,0.01419,0.04273,0.04737,       
0.04420,0.08974,0.08112,0.40727,0.58408,       
0.63321,0.62769,0.27136,0.10520,0.78453,       
0.97391,0.98555,0.98245,0.99828,0.99999,       
1.00000,1.00000,1.00000,1.00000,1.00000 
Asymmetry parameter 
0.01413,0.02055,0.03126,0.03928,0.06466,       
0.03155,0.07692,0.07171,0.07297,0.09125,       
0.10796,0.11784,0.12806,0.14688,0.07926,       
0.06526,0.08823,0.13509,0.15176,0.16899,       
0.18341,0.19915,0.20462,0.23476,0.26118,       
0.28837,0.33621,0.34487,0.35085,0.41863,       
0.44085,0.46757,0.49601,0.55381,0.61924,       
0.67105,0.69034,0.70798,0.70963,.709600 

sulfate_50% (sulfate 50% RH)
Extinction coefficient (m^2/g)
.1328E+00,.8735E-01,.7688E-01,.1183E+00,.3189E-01,       
.6053E+00,.2031E+00,.2050E+00,.1967E+00,.1085E+00,       
.7359E-01,.6117E-01,.5668E-01,.8552E-01,.8958E+00,       
.1311E+01,.5776E+00,.9952E-01,.8108E-01,.3926E+00,       
.1120E+00,.9694E-01,.1177E+00,.3857E-01,.4668E-01,       
.6622E-01,.1504E+00,.4618E+00,.7604E+00,.1398E+00,       
.1871E+00,.2777E+00,.4036E+00,.8218E+00,.1906E+01,       
.4006E+01,.5461E+01,.8571E+01,.9139E+01,.9139E+01 
Single-scattering albedo 
0.00052,0.00060,0.00177,0.00217,0.02074,       
0.00249,0.01107,0.00718,0.00733,0.01284,       
0.03000,0.04769,0.06917,0.08142,0.02731,       
0.01374,0.00599,0.01814,0.04848,0.04982,       
0.05396,0.08856,0.07300,0.41572,0.57526,       
0.62743,0.65728,0.30027,0.11165,0.74507,       
0.97009,0.98640,0.98220,0.99823,0.99999,       
1.00000,1.00000,1.00000,1.00000,1.00000 
Asymmetry parameter 
0.01518,0.02248,0.03354,0.04189,0.06561,       
0.03567,0.07717,0.07340,0.07465,0.09307,       
0.10997,0.11996,0.13008,0.14824,0.08933,       
0.07601,0.09817,0.14399,0.15999,0.17712,       
0.19396,0.20852,0.21273,0.24462,0.27128,       
0.29873,0.34705,0.35766,0.36026,0.43106,       
0.45358,0.48028,0.50872,0.56647,0.63177,       
0.68331,0.70235,0.71923,0.72046,.72050 

sulfate_55% (sulfate 55% RH)
Extinction coefficient (m^2/g)
.1484E+00,.1029E+00,.9750E-01,.1448E+00,.6185E-01,       
.6259E+00,.2434E+00,.2462E+00,.2381E+00,.1432E+00,       
.9452E-01,.7627E-01,.6865E-01,.9646E-01,.9744E+00,       
.1272E+01,.5669E+00,.1063E+00,.8882E-01,.4099E+00,       
.1230E+00,.1228E+00,.1517E+00,.4523E-01,.5622E-01,       
.7878E-01,.1691E+00,.4991E+00,.9275E+00,.1610E+00,       
.2149E+00,.3195E+00,.4642E+00,.9382E+00,.2148E+01,       
.4456E+01,.6042E+01,.9394E+01,.1000E+02,.1000E+02 
Single-scattering albedo 
0.00055,0.00071,0.00186,0.00235,0.01277,       
0.00266,0.01072,0.00705,0.00713,0.01079,       
0.02507,0.04099,0.06145,0.07807,0.02607,       
0.01319,0.00586,0.02263,0.05459,0.05277,       
0.06444,0.08966,0.06892,0.42531,0.57129,       
0.62512,0.68525,0.33003,0.11833,0.71339,       
0.96706,0.98717,0.98208,0.99819,0.99999,       
1.00000,1.00000,1.00000,1.00000,1.00000 
Asymmetry parameter 
0.01626,0.02445,0.03584,0.04453,0.06691,       
0.03976,0.07785,0.07542,0.07666,0.09532,       
0.11252,0.12269,0.13280,0.15047,0.09887,       
0.08643,0.10807,0.15276,0.16817,0.18527,       
0.20425,0.21773,0.22086,0.25440,0.28130,       
0.30898,0.35773,0.36992,0.36951,0.44322,       
0.46589,0.49248,0.52085,0.57833,0.64319,       
0.69417,0.71277,0.72876,0.72964,.729600 

sulfate_60% (sulfate 60% RH)
Extinction coefficient (m^2/g)
.1648E+00,.1198E+00,.1199E+00,.1735E+00,.9560E-01,       
.6523E+00,.2874E+00,.2914E+00,.2835E+00,.1815E+00,       
.1177E+00,.9293E-01,.8178E-01,.1080E+00,.1036E+01,       
.1240E+01,.5594E+00,.1139E+00,.9735E-01,.4260E+00,       
.1353E+00,.1511E+00,.1890E+00,.5275E-01,.6705E-01,       
.9305E-01,.1905E+00,.5414E+00,.1110E+01,.1847E+00,       
.2467E+00,.3672E+00,.5330E+00,.1069E+01,.2417E+01,       
.4950E+01,.6674E+01,.1027E+02,.1092E+02,.1092E+02 
Single-scattering albedo 
0.00059,0.00083,0.00198,0.00256,0.00994,       
0.00286,0.01047,0.00702,0.00706,0.00952,       
0.02168,0.03610,0.05552,0.07532,0.02527,       
0.01288,0.00589,0.02762,0.06105,0.05623,       
0.07551,0.09212,0.06704,0.43575,0.57078,       
0.62542,0.71134,0.36016,0.12506,0.68811,       
0.96471,0.98789,0.98207,0.99816,0.99999,       
1.00000,1.00000,1.00000,1.00000,1.00000 
Asymmetry parameter 
0.01738,0.02645,0.03818,0.04721,0.06848,       
0.04380,0.07892,0.07768,0.07892,0.09792,       
0.11549,0.12588,0.13604,0.15340,0.10804,       
0.09657,0.11789,0.16139,0.17629,0.19344,       
0.21428,0.22677,0.22897,0.26407,0.29120,       
0.31909,0.36822,0.38166,0.37858,0.45510,       
0.47785,0.50427,0.53242,0.58945,0.65363,       
0.70381,0.72195,0.73697,0.73737,.737400  

sulfate_65% (sulfate 65% RH)
Extinction coefficient (m^2/g)
.1820E+00,.1379E+00,.1440E+00,.2046E+00,.1331E+00,       
.6842E+00,.3351E+00,.3407E+00,.3330E+00,.2236E+00,       
.1431E+00,.1111E+00,.9610E-01,.1201E+00,.1084E+01,       
.1214E+01,.5545E+00,.1223E+00,.1067E+00,.4416E+00,       
.1491E+00,.1821E+00,.2296E+00,.6122E-01,.7929E-01,       
.1092E+00,.2149E+00,.5890E+00,.1309E+01,.2110E+00,       
.2827E+00,.4212E+00,.6108E+00,.1217E+01,.2716E+01,       
.5491E+01,.7359E+01,.1120E+02,.1189E+02,.1189E+02 
Single-scattering albedo 
0.00064,0.00096,0.00214,0.00280,0.00861,       
0.00309,0.01032,0.00707,0.00708,0.00872,       
0.01928,0.03246,0.05092,0.07309,0.02483,       
0.01276,0.00612,0.03310,0.06780,0.06020,       
0.08706,0.09548,0.06651,0.44681,0.57286,       
0.62767,0.73549,0.39022,0.13177,0.66807,       
0.96293,0.98854,0.98213,0.99815,0.99999,       
1.00000,1.00000,1.00000,1.00000,1.00000 
Asymmetry parameter 
0.01853,0.02848,0.04055,0.04991,0.07028,       
0.04782,0.08031,0.08014,0.08139,0.10077,       
0.11879,0.12943,0.13969,0.15686,0.11693,       
0.10649,0.12760,0.16989,0.18434,0.20161,       
0.22406,0.23565,0.23706,0.27363,0.30094,       
0.32906,0.37852,0.39290,0.38745,0.46667,       
0.48926,0.51548,0.54341,0.59982,0.66318,       
0.71244,0.73003,0.74401,0.74400,0.74400 

sulfate_70% (sulfate 70% RH)
Extinction coefficient (m^2/g)
.2002E+00,.1574E+00,.1701E+00,.2382E+00,.1743E+00,       
.7209E+00,.3867E+00,.3941E+00,.3868E+00,.2694E+00,       
.1707E+00,.1309E+00,.1116E+00,.1330E+00,.1121E+01,       
.1193E+01,.5520E+00,.1317E+00,.1170E+00,.4569E+00,       
.1645E+00,.2160E+00,.2736E+00,.7073E-01,.9308E-01,       
.1274E+00,.2427E+00,.6427E+00,.1525E+01,.2401E+00,       
.3234E+00,.4822E+00,.6983E+00,.1381E+01,.3046E+01,       
.6081E+01,.8098E+01,.1219E+02,.1290E+02,.1290E+02 
Single-scattering albedo 
0.00069,0.00109,0.00232,0.00306,0.00795,       
0.00337,0.01026,0.00720,0.00718,0.00822,       
0.01753,0.02971,0.04733,0.07131,0.02467,       
0.01280,0.00657,0.03902,0.07483,0.06468,       
0.09898,0.09946,0.06688,0.45829,0.57672,       
0.63139,0.75746,0.41982,0.13839,0.65231,       
0.96163,0.98913,0.98226,0.99814,0.99999,       
1.00000,1.00000,1.00000,1.00000,1.00000 
Asymmetry parameter 
0.01972,0.03054,0.04295,0.05264,0.07226,       
0.05180,0.08198,0.08276,0.08402,0.10383,       
0.12234,0.13325,0.14366,0.16074,0.12561,      
0.11620,0.13718,0.17824,0.19231,0.20976,      
0.23361,0.24435,0.24509,0.28307,0.31054,     
0.33884,0.38841,0.40368,0.39614,0.47793,     
0.50032,0.52625,0.55390,0.60967,0.67198,     
0.72013,0.73720,0.74997,0.74958,0.74958 

sulfate_75% (sulfate 75% RH)
Extinction coefficient (m^2/g)
.2194E+00,.1784E+00,.1981E+00,.2743E+00,.2193E+00,      
.7625E+00,.4422E+00,.4518E+00,.4449E+00,.3190E+00,     
.2006E+00,.1523E+00,.1284E+00,.1467E+00,.1151E+01,     
.1177E+01,.5514E+00,.1420E+00,.1283E+00,.4723E+00,     
.1814E+00,.2529E+00,.3213E+00,.8138E-01,.1086E+00,     
.1479E+00,.2741E+00,.7029E+00,.1759E+01,.2722E+00,     
.3692E+00,.5507E+00,.7963E+00,.1564E+01,.3408E+01,     
.6717E+01,.8892E+01,.1323E+02,.1397E+02,.1397E+02 
Single-scattering albedo 
0.00074,0.00124,0.00252,0.00335,0.00764,     
0.00367,0.01027,0.00738,0.00734,0.00793,     
0.01626,0.02760,0.04452,0.06993,0.02477,     
0.01299,0.00726,0.04535,0.08211,0.06966,     
0.11117,0.10389,0.06789,0.47003,0.58192,     
0.63619,0.77745,0.44862,0.14490,0.64004,     
0.96074,0.98966,0.98244,0.99814,0.99999,     
1.00000,1.00000,1.00000,1.00000,1.00000 
Asymmetry parameter 
0.02094,0.03263,0.04537,0.05538,0.07437,    
0.05574,0.08386,0.08550,0.08678,0.10706,     
0.12609,0.13730,0.14787,0.16495,0.13410,     
0.12573,0.14662,0.18646,0.20020,0.21788,     
0.24292,0.25290,0.25304,0.29236,0.31996,     
0.34842,0.39814,0.41400,0.40462,0.48888,     
0.51095,0.53654,0.56386,0.61882,0.68007,     
0.72708,0.74349,0.75507,0.75442,0.75442 

sulfate_80% (sulfate 80% RH)
Extinction coefficient (m^2/g)
.2397E+00,.2008E+00,.2281E+00,.3131E+00,.2681E+00,     
.8087E+00,.5016E+00,.5138E+00,.5074E+00,.3723E+00,     
.2327E+00,.1753E+00,.1464E+00,.1612E+00,.1175E+01,     
.1165E+01,.5527E+00,.1533E+00,.1407E+00,.4880E+00,     
.2001E+00,.2931E+00,.3728E+00,.9326E-01,.1259E+00,    
.1708E+00,.3096E+00,.7704E+00,.2010E+01,.3074E+00,    
.4204E+00,.6274E+00,.9055E+00,.1767E+01,.3805E+01,     
.7405E+01,.9742E+01,.1432E+02,.1509E+02,.1509E+02 
Single-scattering albedo 
0.00080,0.00140,0.00274,0.00366,0.00754,     
0.00401,0.01035,0.00761,0.00756,0.00779,     
0.01532,0.02600,0.04233,0.06890,0.02508,     
0.01333,0.00823,0.05203,0.08960,0.07515,     
0.12357,0.10867,0.06936,0.48190,0.58812,     
0.64177,0.79551,0.47636,0.15127,0.63068,     
0.96017,0.99015,0.98265,0.99815,0.99999,     
1.00000,1.00000,1.00000,1.00000,1.00000 
Asymmetry parameter 
0.02219,0.03474,0.04781,0.05815,0.07660,     
0.05965,0.08594,0.08835,0.08964,0.11041,     
0.13001,0.14153,0.15229,0.16942,0.14244,     
0.13508,0.15589,0.19455,0.20800,0.22594,     
0.25202,0.26130,0.26093,0.30149,0.32920,     
0.35781,0.40761,0.42389,0.41291,0.49951,     
0.52121,0.54639,0.57333,0.62751,0.68756,     
0.73333,0.74913,0.75948,0.75861,0.75861 

sulfate_82% (sulfate 82% RH)
Extinction coefficient (m^2/g)
.2459E+00,.2087E+00,.2393E+00,.3273E+00,.2879E+00,      
.8200E+00,.5229E+00,.5363E+00,.5302E+00,.3927E+00,      
.2448E+00,.1838E+00,.1529E+00,.1656E+00,.1166E+01,      
.1145E+01,.5462E+00,.1566E+00,.1446E+00,.4879E+00,      
.2062E+00,.3081E+00,.3921E+00,.9744E-01,.1321E+00,      
.1788E+00,.3211E+00,.7901E+00,.2102E+01,.3189E+00,      
.4372E+00,.6528E+00,.9417E+00,.1833E+01,.3932E+01,      
.7622E+01,.1001E+02,.1466E+02,.1544E+02,.1544E+02 
Single-scattering albedo 
0.00082,0.00146,0.00282,0.00377,0.00749,      
0.00414,0.01031,0.00766,0.00761,0.00771,      
0.01488,0.02522,0.04120,0.06798,0.02511,      
0.01345,0.00876,0.05476,0.09234,0.07731,      
0.12832,0.11017,0.06968,0.48533,0.58944,     
0.64293,0.80189,0.48704,0.15338,0.62613,      
0.95982,0.99030,0.98268,0.99815,0.99999,      
1.00000,1.00000,1.00000,1.00000,1.00000 
Asymmetry parameter 
0.02265,0.03553,0.04870,0.05915,0.07733,      
0.06115,0.08661,0.08932,0.09062,0.11154,      
0.13133,0.14296,0.15378,0.17093,0.14567,      
0.13876,0.15944,0.19746,0.21077,0.22885,      
0.25523,0.26421,0.26364,0.30466,0.33239,      
0.36103,0.41085,0.42728,0.41561,0.50310,      
0.52468,0.54972,0.57653,0.63042,0.69011,      
0.73552,0.75113,0.76117,0.76020,0.76020 

sulfate_84% (sulfate 84% RH)
Extinction coefficient (m^2/g)
.2522E+00,.2167E+00,.2504E+00,.3415E+00,.3078E+00,      
.8314E+00,.5441E+00,.5588E+00,.5531E+00,.4131E+00,      
.2570E+00,.1924E+00,.1594E+00,.1701E+00,.1158E+01,      
.1124E+01,.5398E+00,.1598E+00,.1484E+00,.4877E+00,      
.2123E+00,.3230E+00,.4113E+00,.1016E+00,.1383E+00,      
.1869E+00,.3325E+00,.8098E+00,.2193E+01,.3305E+00,      
.4541E+00,.6782E+00,.9778E+00,.1899E+01,.4059E+01,      
.7838E+01,.1027E+02,.1501E+02,.1579E+02,.1579E+02 
Single-scattering albedo 
0.00083,0.00152,0.00290,0.00388,0.00744,      
0.00426,0.01026,0.00772,0.00766,0.00763,      
0.01445,0.02445,0.04006,0.06705,0.02513,      
0.01356,0.00928,0.05750,0.09509,0.07948,     
0.13308,0.11167,0.07000,0.48876,0.59077,      
0.64409,0.80826,0.49771,0.15548,0.62159,      
0.95947,0.99046,0.98271,0.99814,0.99999,      
1.00000,1.00000,1.00000,1.00000,1.00000 
Asymmetry parameter 
0.02312,0.03633,0.04959,0.06015,0.07805,      
0.06266,0.08729,0.09030,0.09159,0.11268,      
0.13265,0.14439,0.15528,0.17243,0.14891,      
0.14245,0.16300,0.20036,0.21353,0.23176,      
0.25844,0.26712,0.26635,0.30784,0.33558,       
0.36426,0.41408,0.43068,0.41832,0.50670,      
0.52815,0.55306,0.57974,0.63333,0.69266,      
0.73770,0.75312,0.76285,0.76178,0.76178 

sulfate_86% (sulfate 86% RH)
Extinction coefficient (m^2/g)
.2584E+00,.2246E+00,.2616E+00,.3557E+00,.3276E+00,     
.8427E+00,.5654E+00,.5813E+00,.5759E+00,.4335E+00,      
.2691E+00,.2009E+00,.1659E+00,.1745E+00,.1149E+01,      
.1104E+01,.5333E+00,.1631E+00,.1523E+00,.4876E+00,      
.2184E+00,.3380E+00,.4306E+00,.1058E+00,.1445E+00,      
.1949E+00,.3440E+00,.8295E+00,.2285E+01,.3420E+00,      
.4709E+00,.7036E+00,.1014E+01,.1965E+01,.4186E+01,      
.8055E+01,.1054E+02,.1535E+02,.1614E+02,.1614E+02 
Single-scattering albedo 
0.00085,0.00158,0.00298,0.00399,0.00739,      
0.00439,0.01022,0.00777,0.00771,0.00755,      
0.01401,0.02367,0.03893,0.06613,0.02516,      
0.01368,0.00981,0.06023,0.09783,0.08164,      
0.13783,0.11317,0.07032,0.49219,0.59209,      
0.64525,0.81464,0.50839,0.15759,0.61704,      
0.95912,0.99061,0.98274,0.99814,0.99999,      
1.00000,1.00000,1.00000,1.00000,1.00000 
Asymmetry parameter 
0.02358,0.03712,0.05048,0.06115,0.07878,      
0.06416,0.08796,0.09127,0.09257,0.11381,      
0.13397,0.14582,0.15677,0.17394,0.15214,      
0.14613,0.16655,0.20327,0.21630,0.23467,      
0.26165,0.27003,0.26906,0.31101,0.33877,      
0.36748,0.41732,0.43407,0.42102,0.51029,      
0.53162,0.55639,0.58294,0.63624,0.69521,      
0.73989,0.75512,0.76454,0.76337,0.76337 

sulfate_88% (sulfate 88% RH)
Extinction coefficient (m^2/g)
.2842E+00,.2549E+00,.3028E+00,.4087E+00,.3974E+00,      
.9024E+00,.6456E+00,.6661E+00,.6614E+00,.5076E+00,      
.3136E+00,.2326E+00,.1905E+00,.1930E+00,.1148E+01,      
.1078E+01,.5309E+00,.1781E+00,.1689E+00,.5009E+00,      
.2444E+00,.3944E+00,.5021E+00,.1229E+00,.1697E+00,      
.2281E+00,.3950E+00,.9227E+00,.2630E+01,.3905E+00,      
.5437E+00,.8126E+00,.1169E+01,.2247E+01,.4722E+01,      
.8957E+01,.1164E+02,.1672E+02,.1753E+02,.1753E+02 
Single-scattering albedo 
0.00093,0.00180,0.00329,0.00441,0.00754,      
0.00488,0.01037,0.00812,0.00804,0.00759,      
0.01334,0.02236,0.03702,0.06503,0.02595,      
0.01451,0.01208,0.06943,0.10739,0.08986,      
0.15338,0.11933,0.07266,0.50591,0.60031,      
0.65248,0.83260,0.53998,0.16482,0.60973,      
0.95886,0.99110,0.98301,0.99815,0.99999,      
1.00000,1.00000,1.00000,1.00000,1.00000 
Asymmetry parameter 
0.02520,0.03978,0.05352,0.06457,0.08166,      
0.06896,0.09079,0.09489,0.09622,0.11808,      
0.13897,0.15122,0.16242,0.17977,0.16226,      
0.15752,0.17770,0.21285,0.22558,0.24439,      
0.27222,0.27981,0.27836,0.32168,0.34950,      
0.37832,0.42817,0.44509,0.43040,0.52232,      
0.54304,0.56725,0.59329,0.64549,0.70296,      
0.74613,0.76064,0.76886,0.76704,0.76704 

sulfate_90% (sulfate 90% RH)
Extinction coefficient (m^2/g)
.3206E+00,.2979E+00,.3613E+00,.4841E+00,.4972E+00,      
.9899E+00,.7592E+00,.7866E+00,.7832E+00,.6129E+00,      
.3768E+00,.2775E+00,.2254E+00,.2192E+00,.1142E+01,      
.1049E+01,.5309E+00,.2002E+00,.1931E+00,.5200E+00,      
.2828E+00,.4759E+00,.6044E+00,.1487E+00,.2076E+00,      
.2780E+00,.4722E+00,.1063E+01,.3123E+01,.4616E+00,      
.6528E+00,.9759E+00,.1398E+01,.2661E+01,.5501E+01,      
.1024E+02,.1320E+02,.1860E+02,.1943E+02,.1943E+02 
Single-scattering albedo 
0.00104,0.00211,0.00374,0.00501,0.00792,      
0.00559,0.01068,0.00866,0.00858,0.00781,      
0.01281,0.02120,0.03529,0.06422,0.02745,      
0.01610,0.01606,0.08202,0.12021,0.10192,      
0.17368,0.12779,0.07625,0.52376,0.61193,      
0.66268,0.85270,0.57789,0.17398,0.60387,      
0.95891,0.99165,0.98339,0.99817,0.99999,      
1.00000,1.00000,1.00000,1.00000,1.00000 
 
0.02739,0.04333,0.05757,0.06909,0.08561,      
0.07517,0.09476,0.09980,0.10116,0.12387,      
0.14574,0.15853,0.17011,0.18775,0.17527,      
0.17212,0.19191,0.22514,0.23755,0.25697,      
0.28566,0.29230,0.29039,0.33535,0.36318,      
0.39208,0.44166,0.45868,0.44233,0.53745,      
0.55722,0.58066,0.60600,0.65665,0.71208,      
0.75331,0.76673,0.77318,0.77151,0.77151 

sulfate_91% (sulfate 91% RH)
Extinction coefficient (m^2/g)
.3450E+00,.3268E+00,.4005E+00,.5348E+00,.5643E+00,      
.1050E+01,.8354E+00,.8676E+00,.8650E+00,.6835E+00,      
.4192E+00,.3077E+00,.2489E+00,.2367E+00,.1137E+01,      
.1034E+01,.5328E+00,.2155E+00,.2099E+00,.5331E+00,      
.3095E+00,.5316E+00,.6736E+00,.1668E+00,.2344E+00,      
.3132E+00,.5273E+00,.1163E+01,.3456E+01,.5108E+00,      
.7297E+00,.1091E+01,.1559E+01,.2949E+01,.6033E+01,      
.1111E+02,.1422E+02,.1983E+02,.2067E+02,.2067E+02 
Single-scattering albedo 
0.00112,0.00232,0.00404,0.00541,0.00822,      
0.00607,0.01093,0.00904,0.00895,0.00801,      
0.01264,0.02073,0.03456,0.06403,0.02867,      
0.01742,0.01918,0.09014,0.12836,0.11018,      
0.18626,0.13324,0.07873,0.53476,0.61949,      
0.66925,0.86358,0.59963,0.17952,0.60194,      
0.95911,0.99197,0.98364,0.99818,0.99999,      
1.00000,1.00000,1.00000,1.00000,1.00000 
Asymmetry parameter 
0.02880,0.04558,0.06012,0.07194,0.08818,      
0.07901,0.09738,0.10294,0.10432,0.12759,      
0.15008,0.16322,0.17504,0.19290,0.18329,      
0.18106,0.20058,0.23270,0.24494,0.26474,      
0.29384,0.29996,0.29781,0.34371,0.37152,      
0.40046,0.44983,0.46673,0.44956,0.54655,      
0.56568,0.58860,0.61347,0.66307,0.71729,      
0.75726,0.77020,0.77561,0.77330,0.77330 

sulfate_92% (sulfate 92% RH)
Extinction coefficient (m^2/g)
.3755E+00,.3631E+00,.4497E+00,.5983E+00,.6485E+00,      
.1127E+01,.9306E+00,.9690E+00,.9675E+00,.7718E+00,      
.4722E+00,.3455E+00,.2783E+00,.2587E+00,.1129E+01,      
.1017E+01,.5369E+00,.2350E+00,.2312E+00,.5500E+00,      
.3439E+00,.6022E+00,.7607E+00,.1904E+00,.2693E+00,      
.3591E+00,.5996E+00,.1293E+01,.3873E+01,.5739E+00,      
.8298E+00,.1240E+01,.1768E+01,.3317E+01,.6708E+01,      
.1219E+02,.1549E+02,.2132E+02,.2216E+02,.2216E+02 
Single-scattering albedo 
0.00122,0.00259,0.00442,0.00592,0.00865,      
0.00668,0.01128,0.00953,0.00944,0.00831,      
0.01256,0.02036,0.03398,0.06409,0.03041,      
0.01933,0.02352,0.09992,0.13810,0.12062,      
0.20095,0.13981,0.08184,0.54752,0.62853,      
0.67710,0.87495,0.62335,0.18588,0.60101,      
0.95948,0.99230,0.98394,0.99820,0.99999,      
1.00000,1.00000,1.00000,1.00000,1.00000 
Asymmetry parameter
0.03051,0.04827,0.06318,0.07533,0.09128,      
0.08352,0.10059,0.10672,0.10813,0.13206,      
0.15530,0.16885,0.18096,0.19910,0.19263,      
0.19144,0.21061,0.24149,0.25357,0.27382,      
0.30331,0.30884,0.30647,0.35341,0.38116,      
0.41009,0.45917,0.47592,0.45789,0.55696,      
0.57529,0.59760,0.62185,0.67027,0.72299,      
0.76156,0.77377,0.77817,0.77565,0.77565 

sulfate_93% (sulfate 93% RH)
Extinction coefficient (m^2/g)
.4145E+00,.4095E+00,.5126E+00,.6798E+00,.7564E+00,      
.1226E+01,.1052E+01,.1099E+01,.1099E+01,.8847E+00,      
.5400E+00,.3939E+00,.3160E+00,.2869E+00,.1119E+01,      
.1001E+01,.5443E+00,.2608E+00,.2593E+00,.5726E+00,      
.3894E+00,.6941E+00,.8731E+00,.2221E+00,.3162E+00,      
.4208E+00,.6974E+00,.1467E+01,.4409E+01,.6571E+00,      
.9637E+00,.1439E+01,.2044E+01,.3804E+01,.7584E+01,      
.1357E+02,.1711E+02,.2317E+02,.2401E+02,.2401E+02 
Single-scattering albedo 
0.00135,0.00293,0.00491,0.00656,0.00923,      
0.00746,0.01177,0.01017,0.01007,0.00874,      
0.01261,0.02015,0.03363,0.06452,0.03295,      
0.02219,0.02969,0.11186,0.14989,0.13404,      
0.21826,0.14782,0.08578,0.56252,0.63945,      
0.68650,0.88674,0.64906,0.19326,0.60147,      
0.96005,0.99266,0.98429,0.99822,0.99999,      
1.00000,1.00000,1.00000,1.00000,1.00000 
Asymmetry parameter 
0.03262,0.05154,0.06688,0.07942,0.09509,      
0.08888,0.10456,0.11133,0.11276,0.13751,      
0.16166,0.17571,0.18817,0.20667,0.20368,      
0.20362,0.22234,0.25186,0.26376,0.28455,      
0.31436,0.31926,0.31670,0.36475,0.39241,      
0.42135,0.47002,0.48640,0.46758,0.56897,      
0.58627,0.60778,0.63142,0.67838,0.72931,      
0.76609,0.77751,0.78048,0.77787,0.77787 

sulfate_94% (sulfate 94% RH)
Extinction coefficient (m^2/g)
.4659E+00,.4706E+00,.5955E+00,.7871E+00,.8984E+00,      
.1359E+01,.1212E+01,.1270E+01,.1271E+01,.1033E+01,      
.6291E+00,.4575E+00,.3656E+00,.3243E+00,.1106E+01,      
.9847E+00,.5571E+00,.2958E+00,.2974E+00,.6041E+00,      
.4517E+00,.8174E+00,.1022E+01,.2661E+00,.3814E+00,      
.5065E+00,.8342E+00,.1709E+01,.5115E+01,.7702E+00,      
.1149E+01,.1714E+01,.2424E+01,.4463E+01,.8763E+01,      
.1537E+02,.1919E+02,.2552E+02,.2634E+02,.2634E+02 
Single-scattering albedo 
0.00152,0.00337,0.00556,0.00740,0.01003,      
0.00847,0.01245,0.01102,0.01091,0.00934,      
0.01283,0.02017,0.03361,0.06552,0.03676,      
0.02662,0.03866,0.12661,0.16436,0.15160,      
0.23884,0.15772,0.09085,0.58005,0.65254,      
0.69778,0.89882,0.67667,0.20190,0.60381,      
0.96087,0.99305,0.98471,0.99825,0.99999,      
1.00000,1.00000,1.00000,1.00000,1.00000 
Asymmetry parameter 
0.03526,0.05558,0.07143,0.08445,0.09987,      
0.09535,0.10958,0.11703,0.11851,0.14427,      
0.16955,0.18421,0.19711,0.21605,0.21691,      
0.21811,0.23622,0.26425,0.27597,0.29740,      
0.32745,0.33165,0.32894,0.37823,0.40570,      
0.43457,0.48254,0.49842,0.47899,0.58294,      
0.59891,0.61948,0.64223,0.68743,0.73615,      
0.77091,0.78146,0.78289,0.78002,0.78002 

sulfate_95% (sulfate 95% RH)
Extinction coefficient (m^2/g)
.5358E+00,.5538E+00,.7082E+00,.9333E+00,.1092E+01,      
.1543E+01,.1429E+01,.1503E+01,.1506E+01,.1234E+01,      
.7500E+00,.5440E+00,.4333E+00,.3754E+00,.1092E+01,      
.9708E+00,.5790E+00,.3453E+00,.3510E+00,.6500E+00,      
.5406E+00,.9892E+00,.1227E+01,.3301E+00,.4761E+00,      
.6309E+00,.1034E+01,.2059E+01,.6077E+01,.9305E+00,      
.1417E+01,.2108E+01,.2966E+01,.5390E+01,.1036E+02,      
.1779E+02,.2196E+02,.2856E+02,.2935E+02,.2935E+02 
Single-scattering albedo 
0.00176,0.00399,0.00644,0.00853,0.01116,      
0.00984,0.01343,0.01218,0.01206,0.01021,      
0.01332,0.02053,0.03410,0.06741,0.04272,      
0.03377,0.05202,0.14512,0.18244,0.17496,      
0.26355,0.17015,0.09749,0.60080,0.66833,      
0.71134,0.91101,0.70594,0.21211,0.60870,      
0.96201,0.99347,0.98521,0.99828,0.99999,      
1.00000,1.00000,1.00000,1.00000,1.00000 
Asymmetry parameter 
0.03868,0.06070,0.07719,0.09077,0.10596,      
0.10332,0.11602,0.12426,0.12579,0.15283,      
0.17952,0.19494,0.20838,0.22791,0.23304,      
0.23556,0.25290,0.27930,0.29087,0.31304,      
0.34316,0.34660,0.34381,0.39443,0.42159,      
0.45032,0.49729,0.51242,0.49257,0.59936,      
0.61361,0.63291,0.65463,0.69764,0.74377,      
0.77605,0.78544,0.78516,0.78191,0.78191 

sulfate_96% (sulfate 96% RH)
Extinction coefficient (m^2/g)
.6351E+00,.6719E+00,.8680E+00,.1141E+01,.1365E+01,      
.1808E+01,.1737E+01,.1832E+01,.1838E+01,.1517E+01,      
.9206E+00,.6663E+00,.5293E+00,.4487E+00,.1079E+01,      
.9628E+00,.6170E+00,.4188E+00,.4306E+00,.7209E+00,      
.6739E+00,.1240E+01,.1520E+01,.4283E+00,.6214E+00,      
.8214E+00,.1343E+01,.2592E+01,.7438E+01,.1169E+01,      
.1822E+01,.2703E+01,.3775E+01,.6751E+01,.1266E+02,      
.2115E+02,.2574E+02,.3258E+02,.3331E+02,.3331E+02 
Single-scattering albedo 
0.00210,0.00486,0.00769,0.01012,0.01278,      
0.01175,0.01487,0.01381,0.01368,0.01146,      
0.01421,0.02141,0.03539,0.07074,0.05251,      
0.04581,0.07226,0.16873,0.20544,0.20647,      
0.29352,0.18607,0.10629,0.62537,0.68741,      
0.72762,0.92308,0.73634,0.22438,0.61701,      
0.96353,0.99392,0.98581,0.99832,0.99999,      
1.00000,1.00000,1.00000,1.00000,1.00000 
Asymmetry parameter 
0.04324,0.06739,0.08466,0.09892,0.11396,      
0.11337,0.12451,0.13365,0.13525,0.16395,      
0.19244,0.20884,0.22296,0.24323,0.25308,      
0.25698,0.27332,0.29798,0.30940,0.33240,      
0.36239,0.36496,0.36226,0.41425,0.44092,      
0.46933,0.51490,0.52883,0.50898,0.61886,      
0.63085,0.64856,0.66895,0.70921,0.75212,      
0.78142,0.78945,0.78715,0.78361,0.78361 

sulfate_97% (sulfate 97% RH)
Extinction coefficient (m^2/g)
.7833E+00,.8477E+00,.1106E+01,.1450E+01,.1771E+01,      
.2207E+01,.2193E+01,.2320E+01,.2331E+01,.1935E+01,      
.1173E+01,.8479E+00,.6724E+00,.5593E+00,.1073E+01,      
.9702E+00,.6854E+00,.5346E+00,.5559E+00,.8386E+00,      
.8865E+00,.1626E+01,.1963E+01,.5893E+00,.8595E+00,      
.1133E+01,.1850E+01,.3451E+01,.9451E+01,.1545E+01,      
.2476E+01,.3654E+01,.5054E+01,.8853E+01,.1611E+02,      
.2600E+02,.3108E+02,.3807E+02,.3869E+02,.3869E+02 
Single-scattering albedo 
0.00263,0.00618,0.00957,0.01246,0.01520,      
0.01451,0.01707,0.01620,0.01605,0.01333,      
0.01574,0.02314,0.03798,0.07646,0.06951,      
0.06702,0.10328,0.19939,0.23533,0.24914,      
0.33028,0.20682,0.11831,0.65461,0.71039,      
0.74710,0.93469,0.76704,0.23927,0.62991,      
0.96550,0.99439,0.98649,0.99837,0.99999,      
1.00000,1.00000,1.00000,1.00000,1.00000 
Asymmetry parameter 
0.04960,0.07646,0.09472,0.10982,0.12481,      
0.12647,0.13608,0.14626,0.14796,0.17886,      
0.20974,0.22739,0.24239,0.26360,0.27862,      
0.28383,0.29892,0.32175,0.33303,0.35691,      
0.38641,0.38803,0.38564,0.43896,0.46481,      
0.49267,0.53609,0.54827,0.52911,0.64231,      
0.65122,0.66686,0.68541,0.72227,0.76116,      
0.78691,0.79336,0.78880,0.78504,0.78504 

sulfate_98% (sulfate 98% RH)
Extinction coefficient (m^2/g)
.1132E+01,.1256E+01,.1656E+01,.2167E+01,.2697E+01,      
.3167E+01,.3250E+01,.3446E+01,.3465E+01,.2886E+01,      
.1751E+01,.1267E+01,.1006E+01,.8262E+00,.1182E+01,      
.1103E+01,.9048E+00,.8299E+00,.8747E+00,.1181E+01,      
.1433E+01,.2567E+01,.3009E+01,.1020E+01,.1493E+01,      
.1957E+01,.3200E+01,.5682E+01,.1405E+02,.2502E+01,      
.4173E+01,.6084E+01,.8267E+01,.1396E+02,.2408E+02,      
.3663E+02,.4250E+02,.4930E+02,.4961E+02,.4961E+02 
Single-scattering albedo 
0.00389,0.00915,0.01373,0.01755,0.02055,      
0.02029,0.02210,0.02138,0.02117,0.01741,      
0.01959,0.02801,0.04544,0.09131,0.10999,      
0.11640,0.16328,0.25318,0.28854,0.32258,      
0.39006,0.24445,0.14161,0.70074,0.74717,      
0.77816,0.94789,0.80353,0.26399,0.65707,      
0.96890,0.99503,0.98755,0.99844,0.99999,      
1.00000,1.00000,1.00000,1.00000,1.00000 
Asymmetry parameter 
0.06198,0.09352,0.11351,0.12998,0.14534,      
0.14979,0.15793,0.16974,0.17163,0.20664,      
0.24180,0.26164,0.27813,0.30088,0.32215,      
0.32863,0.34206,0.36285,0.37393,0.39874,      
0.42698,0.42735,0.42601,0.48050,0.50448,      
0.53105,0.57003,0.57897,0.56275,0.67987,      
0.68312,0.69505,0.71068,0.74162,0.77390,      
0.79364,0.79764,0.78988,0.78588,0.78588 

sulfate_99% (sulfate 99% RH)
Extinction coefficient (m^2/g)
.2204E+01,.2507E+01,.3340E+01,.4368E+01,.5494E+01,      
.6169E+01,.6462E+01,.6841E+01,.6877E+01,.5707E+01,      
.3485E+01,.2539E+01,.2038E+01,.1692E+01,.1861E+01,      
.1839E+01,.1785E+01,.1884E+01,.2017E+01,.2530E+01,      
.3418E+01,.5710E+01,.6314E+01,.2685E+01,.3915E+01,      
.5066E+01,.8244E+01,.1357E+02,.2742E+02,.5873E+01,      
.1024E+02,.1452E+02,.1905E+02,.3001E+02,.4701E+02,      
.6450E+02,.7111E+02,.7580E+02,.7530E+02,.7530E+02 
Single-scattering albedo 
0.00773,0.01768,0.02518,0.03096,0.03448,      
0.03462,0.03541,0.03445,0.03407,0.02771,      
0.03018,0.04211,0.06711,0.13159,0.20605,      
0.22645,0.27458,0.35128,0.38609,0.44109,      
0.48642,0.31455,0.18965,0.76815,0.80097,      
0.82302,0.96087,0.84070,0.30524,0.70695,      
0.97395,0.99579,0.98894,0.99852,0.99999,      
1.00000,1.00000,1.00000,1.00000,1.00000 
Asymmetry parameter 
0.08959,0.12963,0.15255,0.17129,0.18800,      
0.19566,0.20317,0.21776,0.22006,0.26325,      
0.30641,0.33013,0.34900,0.37378,0.40064,      
0.40767,0.41911,0.43761,0.44817,0.47283,      
0.49768,0.49664,0.49845,0.55162,0.57102,      
0.59434,0.62371,0.62670,0.61963,0.73897,      
0.73156,0.73705,0.74746,0.76843,0.78969,      
0.80021,0.80041,0.78942,0.78586,0.78586 

sulfate_100% (sulfate 100% RH)
Extinction coefficient (m^2/g)
.5433E+01,.6328E+01,.8497E+01,.1108E+02,.1386E+02,      
.1524E+02,.1598E+02,.1675E+02,.1681E+02,.1377E+02,      
.8553E+01,.6352E+01,.5238E+01,.4581E+01,.4846E+01,      
.4987E+01,.5239E+01,.5892E+01,.6395E+01,.7933E+01,      
.1096E+02,.1637E+02,.1669E+02,.9515E+01,.1355E+02,      
.1707E+02,.2687E+02,.4015E+02,.6276E+02,.1787E+02,      
.3140E+02,.4231E+02,.5273E+02,.7513E+02,.1034E+03,      
.1248E+03,.1300E+03,.1281E+03,.1261E+03,.1261E+03 
Single-scattering albedo 
0.01918,0.04029,0.05318,0.06154,0.06503,      
0.06471,0.06434,0.06199,0.06123,0.04954,      
0.05371,0.07385,0.11470,0.21213,0.34181,      
0.37010,0.41297,0.47989,0.51205,0.56793,      
0.59334,0.40704,0.26314,0.83180,0.85084,      
0.86391,0.96916,0.86395,0.35431,0.76282,      
0.97831,0.99633,0.98982,0.99850,0.99999,      
1.00000,1.00000,1.00000,1.00000,1.00000 
Asymmetry parameter 
0.14202,0.19345,0.21951,0.24072,0.25989,      
0.27029,0.27880,0.29736,0.30031,0.35580,      
0.40974,0.43795,0.45875,0.48368,0.51011,      
0.51630,0.52553,0.54075,0.54961,0.57058,      
0.58891,0.58728,0.59536,0.63996,0.65126,      
0.66881,0.68293,0.67862,0.68932,0.80348,      
0.78209,0.77924,0.78327,0.79205,0.80089,      
0.80186,0.79926,0.78974,0.78818,0.78818 

organic_carbon (organic carbon aerosol)
Extinction coefficient (m^2/g)
.6189E-01,.2963E-01,.8511E-02,.2774E-01,.3305E-03, 
.5089E+00,.6606E-01,.6501E-01,.5870E-01,.6727E-02, 
.1067E-01,.1372E-01,.1689E-01,.3853E-01,.3467E+00, 
.9807E+00,.5692E+00,.6591E-01,.4710E-01,.2481E+00, 
.6562E-01,.1301E-01,.8651E-02,.1578E-01,.1582E-01, 
.2482E-01,.7991E-01,.2880E+00,.1909E+00,.6316E-01, 
.8874E-01,.1312E+00,.1899E+00,.3990E+00,.9774E+00, 
.2155E+01,.2989E+01,.4799E+01,.5129E+01,.5129E+01 
Single-scattering albedo 
0.00043,0.00026,0.00368,0.00215,0.99690,     
0.00238,0.01414,0.00966,0.01062,0.12213,     
0.12863,0.13064,0.13906,0.10313,0.03980,     
0.02356,0.00818,0.00565,0.02794,0.04330,     
0.02031,0.16968,0.36323,0.39301,0.66441,     
0.68554,0.53388,0.19415,0.09339,0.96653,     
0.99114,0.98266,0.98422,0.99855,0.99998,     
1.00000,1.00000,1.00000,1.00000,1.00000 
Asymmetry parameter 
0.01115,0.01501,0.02466,0.03171,0.05975,     
0.01880,0.07887,0.06971,0.07117,0.09032,     
0.10765,0.11770,0.12889,0.15065,0.04242,     
0.03101,0.05832,0.10757,0.12696,0.14466,     
0.15011,0.17005,0.18078,0.20519,0.23085,     
0.25734,0.30355,0.30318,0.32186,0.38032,     
0.40045,0.42629,0.45407,0.51029,0.57351,     
0.62310,0.64187,0.66018,0.66299,.663000      

soot (black carbon aerosol)
Extinction coefficient (m^2/g)
.786E-01,.109E+00,.133E+00,.158E+00,.184E+00,.200E+00, 
.212E+00,.232E+00,.235E+00,.281E+00,.309E+00,.323E+00, 
.338E+00,.357E+00,.388E+00,.400E+00,.413E+00,.444E+00, 
.459E+00,.516E+00,.566E+00,.595E+00,.616E+00,.680E+00, 
.751E+00,.846E+00,.102E+01,.113E+01,.130E+01,.141E+01, 
.152E+01,.169E+01,.190E+01,.249E+01,.384E+01,.664E+01, 
.926E+01,.179E+02,.203E+02,.232E+02 
Single-scattering albedo 
0.0000,0.0000,0.0000,0.0001,0.0001,0.0001,0.0001,0.0001, 
0.0001,0.0002,0.0003,0.0003,0.0003,0.0004,0.0005,0.0005, 
0.0006,0.0007,0.0007,0.0009,0.0012,0.0014,0.0015,0.0019, 
0.0024,0.0031,0.0050,0.0063,0.0085,0.0112,0.0136,0.0177, 
0.0234,0.0418,0.0856,0.1633,0.2087,0.2959,0.3127,0.3262 
Asymmetry parameter 
0.0009,0.0016,0.0023,0.0030,0.0040,0.0045,0.0049,0.0058,  
0.0059,0.0081,0.0094,0.0102,0.0109,0.0121,0.0140,0.0145, 
0.0154,0.0169,0.0180,0.0206,0.0245,0.0264,0.0278,0.0317, 
0.0366,0.0425,0.0546,0.0622,0.0723,0.0830,0.0911,0.1031, 
0.1175,0.1542,0.2145,0.2932,0.3367,0.4294,0.4537,0.5812 

sea_salt (sea salt aerosol)
Extinction coefficient (m^2/g)
.5150E+00,.4950E+00,.6000E+00,.7075E+00,.8225E+00, 
.8550E+00,.8350E+00,.8000E+00,.7925E+00,.6425E+00, 
.5300E+00,.5100E+00,.5300E+00,.6250E+00,.7900E+00, 
.8500E+00,.8650E+00,.8100E+00,.8425E+00,.9850E+00, 
.1192E+01,.1433E+01,.1145E+01,.1237E+01,.1467E+01, 
.1633E+01,.1917E+01,.2133E+01,.2167E+01,.1717E+01, 
.2058E+01,.2242E+01,.2367E+01,.2525E+01,.2600E+01, 
.2550E+01,.2500E+01,.2367E+01,.2333E+01,.2275E+01 
Single-scattering albedo 
0.164,0.274,0.298,0.307,0.303,0.291,0.266,0.247,          
0.244,0.239,0.353,0.468,0.589,0.692,0.746,0.759,
0.761,0.768,0.787,0.815,0.802,0.670,0.575,0.919,
0.920,0.917,0.972,0.877,0.494,0.842,0.970,0.988,
0.984,0.995,0.998,1.000,1.000,1.000,1.000,0.996 
Asymmetry parameter 
0.392,0.489,0.519,0.545,0.566,0.583,0.602,0.635,  
0.640,0.712,0.751,0.760,0.761,0.753,0.741,0.735,
0.741,0.765,0.768,0.765,0.759,0.750,0.804,0.780,
0.766,0.765,0.750,0.747,0.826,0.866,0.816,0.797,
0.791,0.783,0.779,0.782,0.781,0.797,0.803,0.806 

dust_0.1 (dust, 0.1 micron)
Extinction coefficient (m^2/g)
.3320E-01,.4085E-01,.2461E-01,.3973E-01,.2190E-01,
.1979E-01,.2126E-01,.2380E-01,.2412E-01,.2692E-01,
.3062E-01,.3285E-01,.3900E-01,.5028E-01,.5192E-01,
.5037E-01,.4665E-01,.4307E-01,.2392E-01,.3111E-01,
.3086E-01,.2991E-01,.2919E-01,.1749E-01,.1451E-01,
.1415E-01,.1362E-01,.1798E-01,.1945E-01,.2360E-01,
.1820E-01,.2127E-01,.2409E-01,.5789E-01,.2511E+00,
.9223E+00,.1710E+01,.4780E+01,.5728E+01,.8255E+01 
Single-scattering albedo 
0.00002,0.00003,0.00010,0.00009,0.00019,
0.00027,0.00029,0.00034,0.00035,0.00051,
0.00080,0.00097,0.00096,0.00127,0.00161,
0.00173,0.00085,0.00018,0.00039,0.00261,
0.00052,0.00072,0.00095,0.00446,0.00995,
0.01668,0.03825,0.04010,0.03106,0.05817,
0.08062,0.17120,0.32541,0.70254,0.90566,
0.95389,0.96476,0.92683,0.90733,0.75123 
Asymmetry parameter 
0.00032,0.00050,0.00079,0.00098,0.00123,
0.00142,0.00154,0.00182,0.00187,0.00254,
0.00312,0.00346,0.00373,0.00446,0.00519,
0.00537,0.00496,0.00495,0.00538,0.00724,
0.00785,0.00865,0.00927,0.01135,0.01389,
0.01716,0.02460,0.02971,0.03581,0.04410,
0.05093,0.06311,0.07980,0.13686,0.26046,
0.42493,0.50971,0.63825,0.65790,0.74425 

dust_0.2 (dust, 0.2 micron)
Extinction coefficient (m^2/g)
.3325E-01,.4094E-01,.2471E-01,.3991E-01,.2202E-01,
.1993E-01,.2140E-01,.2398E-01,.2432E-01,.2721E-01,
.3109E-01,.3344E-01,.3973E-01,.5154E-01,.5346E-01,
.5192E-01,.4746E-01,.4328E-01,.2411E-01,.3219E-01,
.3115E-01,.3027E-01,.2962E-01,.1827E-01,.1576E-01,
.1605E-01,.1740E-01,.2313E-01,.2265E-01,.2928E-01,
.2519E-01,.3570E-01,.5291E-01,.2079E+00,.9040E+00,
.2273E+01,.3223E+01,.4729E+01,.4832E+01,.4280E+01 
Single-scattering albedo 
0.00013,0.00021,0.00077,0.00070,0.00153,
0.00218,0.00227,0.00268,0.00278,0.00406,
0.00632,0.00762,0.00754,0.00999,0.01260,
0.01352,0.00666,0.00136,0.00303,0.01999,
0.00392,0.00547,0.00715,0.03264,0.06976,
0.11078,0.21961,0.22307,0.17377,0.28051,
0.34874,0.54525,0.72351,0.91191,0.96500,
0.97414,0.97524,0.91701,0.88390,0.64858 
Asymmetry parameter 
0.00127,0.00198,0.00318,0.00393,0.00493,
0.00568,0.00615,0.00724,0.00744,0.01010,
0.01243,0.01379,0.01486,0.01785,0.02075,
0.02145,0.01955,0.01931,0.02097,0.02835,
0.03024,0.03325,0.03555,0.04336,0.05264,
0.06430,0.08987,0.10660,0.12496,0.15030,
0.17029,0.20479,0.24885,0.37160,0.52234,
0.63251,0.66993,0.70090,0.69983,0.79816 

dust_0.4 (dust, 0.4 micron)
Extinction coefficient (m^2/g)
.3349E-01,.4133E-01,.2519E-01,.4069E-01,.2261E-01,
.2060E-01,.2216E-01,.2496E-01,.2533E-01,.2873E-01,
.3362E-01,.3664E-01,.4361E-01,.5833E-01,.6182E-01,
.6038E-01,.5141E-01,.4414E-01,.2496E-01,.3811E-01,
.3242E-01,.3186E-01,.3154E-01,.2246E-01,.2270E-01,
.2639E-01,.3667E-01,.4740E-01,.3573E-01,.5116E-01,
.5144E-01,.8691E-01,.1480E+00,.5874E+00,.1650E+01,
.2341E+01,.2416E+01,.2083E+01,.1995E+01,.1814E+01 
Single-scattering albedo 
0.00100,0.00165,0.00616,0.00555,0.01200,
0.01704,0.01773,0.02070,0.02152,0.03071,
0.04695,0.05594,0.05502,0.07147,0.08746,
0.09291,0.04682,0.00960,0.02109,0.12541,
0.02567,0.03504,0.04498,0.17696,0.31462,
0.41964,0.59456,0.58341,0.41928,0.50441,
0.62657,0.74679,0.84478,0.93932,0.96054,
0.95419,0.94363,0.89959,0.88583,0.53216 
Asymmetry parameter 
0.00512,0.00795,0.01284,0.01579,0.01970,
0.02266,0.02449,0.02870,0.02947,0.03959,
0.04869,0.05397,0.05793,0.06982,0.08016,
0.08253,0.07337,0.07107,0.07697,0.10351,
0.10724,0.11684,0.12413,0.14886,0.17643,
0.20897,0.27410,0.31245,0.35140,0.40154,
0.43774,0.49185,0.54833,0.63780,0.67871,
0.70077,0.69744,0.68534,0.69135,0.88607 

dust_0.8 (dust, 0.8 micron)
Extinction coefficient (m^2/g)
.3457E-01,.4306E-01,.2764E-01,.4449E-01,.2584E-01,
.2439E-01,.2635E-01,.3026E-01,.3088E-01,.3674E-01,
.4723E-01,.5387E-01,.6370E-01,.9310E-01,.1032E+00,
.1021E+00,.6831E-01,.4685E-01,.2822E-01,.6432E-01,
.3662E-01,.3719E-01,.3804E-01,.3836E-01,.4849E-01,
.6247E-01,.9604E-01,.1157E+00,.6926E-01,.1035E+00,
.1129E+00,.1961E+00,.3241E+00,.8812E+00,.1203E+01,
.1054E+01,.9708E+00,.8912E+00,.8809E+00,.8477E+00 
Single-scattering albedo 
0.00794,0.01283,0.04633,0.04081,0.08341,
0.11357,0.11637,0.13060,0.13466,0.17393,
0.23900,0.26889,0.26023,0.30382,0.33906,
0.35152,0.21113,0.04965,0.10329,0.41031,
0.11129,0.14340,0.17517,0.47573,0.64250,
0.72312,0.82202,0.80516,0.67866,0.73477,
0.81459,0.87509,0.91959,0.95308,0.94192,
0.90298,0.87532,0.81836,0.80464,0.52228 
Asymmetry parameter 
0.02062,0.03157,0.05182,0.06146,0.07564,
0.08622,0.09221,0.10608,0.10861,0.13999,
0.16802,0.18322,0.19326,0.22266,0.24666,
0.25243,0.23104,0.22316,0.23952,0.30332,
0.31112,0.33241,0.34802,0.39770,0.44559,
0.49508,0.57607,0.61692,0.66603,0.70495,
0.73085,0.75706,0.77728,0.76672,0.70294,
0.68468,0.69930,0.77164,0.78776,0.93547 

dust_1.0 (dust, 1.0 micron)
Extinction coefficient (m^2/g)
.3545E-01,.4446E-01,.2988E-01,.4768E-01,.2870E-01,
.2779E-01,.3004E-01,.3480E-01,.3562E-01,.4320E-01,
.5805E-01,.6735E-01,.7885E-01,.1182E+00,.1318E+00,
.1307E+00,.7929E-01,.4831E-01,.3024E-01,.8110E-01,
.3895E-01,.4015E-01,.4167E-01,.4772E-01,.6332E-01,
.8231E-01,.1260E+00,.1482E+00,.8557E-01,.1273E+00,
.1404E+00,.2389E+00,.3791E+00,.8436E+00,.9145E+00,
.7788E+00,.7382E+00,.6977E+00,.6904E+00,.6674E+00 
Single-scattering albedo 
0.01530,0.02424,0.08430,0.07296,0.14261,
0.18805,0.19091,0.20902,0.21442,0.26239,
0.33983,0.37200,0.35842,0.39875,0.43193,
0.44464,0.29215,0.07565,0.15233,0.50580,
0.15785,0.19870,0.23791,0.56517,0.71500,
0.78060,0.85800,0.84179,0.73499,0.78048,
0.84795,0.89509,0.92958,0.95013,0.92485,
0.87646,0.84894,0.79158,0.77679,0.52509 
Asymmetry parameter 
0.03214,0.04853,0.07978,0.09243,0.11319,
0.12811,0.13623,0.15499,0.15840,0.19978,
0.23501,0.25328,0.26497,0.29603,0.32332,
0.33027,0.31267,0.30506,0.32557,0.39548,
0.40926,0.43306,0.45013,0.50118,0.54724,
0.59283,0.66223,0.69682,0.74519,0.77397,
0.79352,0.80896,0.81847,0.78116,0.69385,
0.69831,0.73003,0.80106,0.81415,0.94041 

dust_2.0 (dust, 2.0 micron)
Extinction coefficient (m^2/g)
.4393E-01,.5652E-01,.5226E-01,.7335E-01,.5332E-01,
.5654E-01,.5988E-01,.6877E-01,.7071E-01,.8507E-01,
.1220E+00,.1424E+00,.1569E+00,.2240E+00,.2407E+00,
.2394E+00,.1286E+00,.5421E-01,.4033E-01,.1535E+00,
.4937E-01,.5349E-01,.5802E-01,.9043E-01,.1263E+00,
.1593E+00,.2219E+00,.2423E+00,.1448E+00,.2004E+00,
.2207E+00,.3180E+00,.4022E+00,.4313E+00,.3672E+00,
.3498E+00,.3427E+00,.3308E+00,.3286E+00,.3217E+00 
Single-scattering albedo 
0.09677,0.13079,0.33000,0.27336,0.43072,
0.49816,0.49418,0.50396,0.50872,0.54260,
0.59818,0.61448,0.59070,0.58954,0.60751,
0.61855,0.51828,0.19762,0.34849,0.69814,
0.33709,0.39568,0.44656,0.75231,0.84238,
0.87498,0.91187,0.89684,0.84043,0.85911,
0.90130,0.91981,0.93261,0.90580,0.84526,
0.79521,0.76536,0.69752,0.68142,0.53621 
Asymmetry parameter 
0.11147,0.15775,0.24043,0.26264,0.31594,
0.34416,0.35904,0.39068,0.39591,0.45950,
0.49210,0.50675,0.51852,0.52594,0.55245,
0.56082,0.59801,0.61964,0.64173,0.66211,
0.71669,0.73342,0.74416,0.76377,0.78090,
0.79968,0.82551,0.84269,0.88823,0.89460,
0.90100,0.89333,0.87730,0.76854,0.73760,
0.79754,0.82313,0.86744,0.87670,0.94620 

dust_4.0 (dust, 4.0 micron)
Extinction coefficient (m^2/g)
.7136E-01,.8432E-01,.1073E+00,.1155E+00,.1021E+00,
.1100E+00,.1117E+00,.1198E+00,.1220E+00,.1333E+00,
.1697E+00,.1843E+00,.1889E+00,.2164E+00,.2195E+00,
.2193E+00,.1529E+00,.5918E-01,.5423E-01,.1803E+00,
.6146E-01,.6867E-01,.7609E-01,.1278E+00,.1629E+00,
.1846E+00,.2101E+00,.2122E+00,.1657E+00,.1922E+00,
.2008E+00,.2134E+00,.2042E+00,.1774E+00,.1709E+00,
.1657E+00,.1635E+00,.1599E+00,.1592E+00,.1571E+00 
Single-scattering albedo 
0.29237,0.32672,0.53667,0.46496,0.62519,
0.67178,0.66508,0.66257,0.66407,0.67681,
0.68825,0.68637,0.65968,0.61759,0.62400,
0.63376,0.62706,0.35075,0.53539,0.75145,
0.51041,0.56513,0.60843,0.82654,0.87750,
0.89238,0.90806,0.88687,0.86819,0.86371,
0.89703,0.88815,0.87727,0.81293,0.76053,
0.70163,0.66961,0.61053,0.59923,0.54373 
Asymmetry parameter
0.26188,0.35812,0.44496,0.49369,0.55968,
0.58113,0.59833,0.62677,0.63023,0.68195,
0.68148,0.68239,0.69279,0.67716,0.69508,
0.70085,0.78252,0.84095,0.84866,0.79887,
0.88372,0.88893,0.89151,0.88166,0.87646,
0.87706,0.87510,0.88421,0.93811,0.93230,
0.93110,0.90423,0.86638,0.80510,0.82868,
0.86486,0.88339,0.91518,0.92111,0.94769 

dust_8.0 (dust, 8.0 micron)
Extinction coefficient (m^2/g)
.8740E-01,.8852E-01,.1095E+00,.1030E+00,.1046E+00,
.1083E+00,.1075E+00,.1079E+00,.1084E+00,.1085E+00,
.1121E+00,.1116E+00,.1099E+00,.1060E+00,.1044E+00,
.1044E+00,.1032E+00,.5590E-01,.6064E-01,.1070E+00,
.6328E-01,.6974E-01,.7554E-01,.1024E+00,.1065E+00,
.1047E+00,.9868E-01,.9605E-01,.1005E+00,.9638E-01,
.9475E-01,.8846E-01,.8566E-01,.8358E-01,.8159E-01,
.8002E-01,.7934E-01,.7821E-01,.7799E-01,.7734E-01 
Single-scattering albedo 
0.43288,0.45114,0.57420,0.52535,0.65928,
0.68797,0.68203,0.67253,0.67141,0.67102,
0.63928,0.62093,0.59385,0.53433,0.53394,
0.53984,0.60823,0.47774,0.64626,0.67977,
0.61485,0.65155,0.67798,0.80979,0.83284,
0.83154,0.82752,0.78851,0.81316,0.77449,
0.81165,0.77527,0.76400,0.71718,0.66453,
0.61361,0.59158,0.56200,0.55802,0.54748 
Asymmetry parameter 
0.44807,0.58108,0.60023,0.67805,0.70831,
0.71357,0.72982,0.75092,0.75239,0.78690,
0.77053,0.76783,0.78196,0.78315,0.79564,
0.79689,0.86095,0.93170,0.93117,0.84443,
0.94721,0.94715,0.94589,0.91588,0.89312,
0.88144,0.86403,0.87537,0.94378,0.93021,
0.92240,0.89463,0.88070,0.87948,0.88771,
0.91360,0.92511,0.94070,0.94288,0.94815 
