          96          60           0
 (20i4)
  81  81  81  81  81  81  81  81  81  81  81  81  81  81  81  81  81  81  81  81
  81  81  81  81  81  81  81  81  81  81  81  81  81  81  81  81  81  81  81  81
  81  81  81  81  81  81  81  81  81  81  81  81  81  81  81  81  81  81  81  81
  81  81  81  81  81  81  81  81  81  81  81  81  81  81  81  81  81  81  81  81
  81  81  81  81  81  81  81  81  81  81  81  81  81  81  81  81
  81  81  81  81  81  81  81  81  81  81  81  81  81  81  81  81  81  81  81  81
  81  81  81  81  81  81  81  81  81  81  81  81  81  81  81  81  81  81  81  81
  81  81  81  81  81  47  47  48  49  50  51  52  52  54  55  56  57  81  81  81
  81  81  81  81  81  81  81  81  81  81  81  81  81  81  81  81  81  81  81  81
  81  82  83  84  85  86  87  88  81  81  81  81  81  81  81  81
  91  91  91  81  81  81  81  81  81  81  81  81  81  81  81  81  81  81  81  81
  81  81  81  81  81  81  81  81  81  81  32  32  32  38  38  38  38  38  39  39
  47  47  47  47  47  47  47  48  49  50  51  52  52  54  55  56  57  58  59  60
  61  62  63  64  65  66  67  67  69  70  81  81  81  81  81  81  81  81  81  81
  81  82  83  84  85  86  87  88  88  90  91  91  91  91  91  91
  91  91  91  81  81  81  81  81  81  81  81  81  13  13  13  13  81  81  81  81
  81  81  81  81  81  81  81  81  81  31  31  32  32  38  38  38  38  38  39  40
  47  47  47  47  47  47  47  48  49  50  51  52  52  54  55  56  57  58  59  60
  61  62  63  64  65  66  67  67  69  70  71  81  81  81  81  81  81  81  81  81
  81  82  83  84  85  86  87  88  88  90  91  91  91  91  91  91
  91  91  91  81  81  81  81  81  81  81  13  13  13  13  13  13  19  19  19  19
  21  22  23  24  24  26  28  28  29  31  31  32  32  38  38  38  38  38  39  40
  47  47  47  47  47  47  47  48  49  50  51  52  52  54  55  56  57  58  59  60
  61  62  63  64  65  66  67  67  69  70  71  72  73  81  81  81  81  81  81  81
  81  82  83  84  85  86  87  88  88  90  91  91  91  91  91  91
  96   2   3   4   5   6   7   8   9  10  10  12  13  13  13  19  19  19  19  19
  21  22  23  24  24  26  28  28  29  31  31  32  32  38  38  38  38  38  39  40
  42  47  47  45  45  47  47  48  49  50  51  52  53  54  55  56  57  58  59  60
  61  62  63  64  65  66  67  67  69  70  71  72  73  74  75  75  75  81  81  81
  81  82  83  84  85  86  87  88  89  90  91  91  93  94  95  96
  96   2   3   4   5   6   7   8   9  10  10  12  13  13  15  16  19  19  19  19
  21  22  23  24  24  26  27  28  29  31  31  32  33  33  35  38  38  38  39  40
  42  42  43  45  45  46  47  48  49  50  51  52  53  54  55  56  57  58  59  60
  61  62  63  64  65  66  67  68  69  70  71  72  73  74  75  75  77  77  80  80
  81  82  83  84  85  86  87  88  89  90  91  92  93  94  95  96
   1   2   3   4   5   6   7   8   9  10  10  12  13  13  15  16  17  19  19  19
  21  22  23  24  24  26  27  28  29  31  31  32  33  33  35  36  37  38  39  40
  42  42  43  44  45  46  47  48  49  50  51  52  53  54  55  56  57  58  59  60
  61  62  63  64  65  66  67  68  69  70  71  72  73  74  75  76  77  77  80  80
  81  82  83  84  85  86  87  88  89  90  91  92  93  94  95  96
   1   2   3   4   5   6   7   8   9  10  11  12  13  13  15  16  17  18  19  20
  21  22  23  24  24  26  27  28  29  31  31  32  33  33  35  36  37  38  39  40
  41  42  43  44  45  46  47  48  49  50  51  52  53  54  55  56  57  58  59  60
  61  62  63  64  65  66  67  68  69  70  71  72  73  74  75  76  77  78  78  80
  81  82  83  84  85  86  87  88  89  90  91  92  93  94  95  96
   1   2   3   4   5   6   7   8   9  10  11  12  13  14  15  16  17  18  19  20
  21  22  23  24  25  26  27  28  29  30  31  32  33  34  35  36  37  38  39  39
  41  42  43  44  45  46  47  48  49  50  51  52  53  54  55  56  57  58  59  60
  61  62  63  64  65  66  67  68  69  70  71  72  73  74  75  76  77  78  79  80
  81  82  83  84  85  86  87  88  89  90  91  92  93  94  95  96
   1   2   3   4   5   6   7   8   9  10  11  12  13  14  15  16  17  18  19  20
  21  22  23  24  25  26  27  28  29  30  31  32  33  34  35  36  37  37  39  39
  42  42  43  44  45  46  47  48  49  50  50  52  53  54  55  56  57  58  59  60
  61  62  63  64  65  66  67  68  69  70  71  72  73  74  75  76  77  78  79  80
  80  82  83  84  85  86  87  88  89  90  91  92  93  94  95  96
   1   2   3   4   5   6   7   8   9  10  11  12  13  14  15  16  17  18  19  20
  21  22  23  24  25  26  27  27  29  30  31  32  33  34  34  36  37  37  37  37
  42  42  43  44  45  46  47  48  49  50  50  52  53  54  55  56  57  58  59  60
  61  62  63  64  65  66  67  68  69  70  71  72  73  74  75  76  77  78  79  79
  83  83  83  84  85  86  87  88  89  90  91  92  93  94  95  96
   1   2   3   4   5   6   7   8   9  10  11  12  13  14  15  16  17  18  19  20
  21  22  23  24  25  26  27  27  29  30  31  32  33  34  34  36  36  37  37  37
  37  42  43  44  45  46  47  48  49  50  51  52  53  54  55  56  57  58  59  60
  61  62  63  64  65  66  67  68  69  70  71  72  73  74  75  76  77  78  79  79
  83  83  83  83  85  86  87  88  89  90  91  92  93  94  95  96
   1   2   3   4   5   6   7   8   9  10  11  12  13  14  15  16  17  18  19  20
  21  22  23  24  25  26  27  27  27  30  31  32  33  34  36  36  36  37  37  37
  42  42  43  44  45  46  47  48  49  50  51  52  53  54  55  56  57  58  59  60
  61  62  63  64  65  66  67  68  69  70  71  72  73  74  75  76  77  78  79  79
  83  83  83  84  85  86  87  88  89  90  91  92  93  94  95  96
   1   2   3   4   5   6   7   8   9  10  11  12  13  14  15  16  17  18  19  20
  21  22  23  24  25  26  27  27  28  30  30  32  32  36  36  36  36  37  37  37
  42  42  43  44  45  46  47  48  49  50  51  52  53  54  55  56  57  58  59  60
  61  62  63  64  65  66  67  68  69  70  71  72  73  74  75  76  77  78  79  79
  83  83  83  84  85  86  87  88  89  90  91  92  93  94  95  96
   1   2   3   4   5   6   7   8   9  10  11  12  13  14  15  16  17  18  19  20
  21  22  23  24  25  26  27  28  28  30  30  30  32  34  35  36  36  36  39  41
  41  42  43  44  45  46  47  48  49  50  51  52  53  54  55  56  57  58  59  60
  61  62  63  64  65  66  67  68  69  70  71  72  73  74  75  76  77  78  79  79
  83  83  83  84  85  86  87  88  89  90  91  92  93  94  95  96
   1   2   2   4   5   6   7   8   9  10  11  12  13  14  15  16  17  18  19  20
  21  22  23  24  25  26  27  28  29  30  30  31  32  34  35  36  36  39  39  41
  41  42  43  44  45  46  47  48  49  50  51  52  53  54  55  56  57  58  59  60
  61  62  63  64  65  66  67  68  69  70  71  72  73  74  75  76  77  78  79  80
  80  83  83  84  85  86  87  88  89  90  91  92  93  94  95  96
   1   2   2   2   5   6   7   8   9  10  11  12  13  14  15  16  17  18  19  20
  21  22  23  24  25  26  27  28  29  30  31  31  32  34  35  36  38  39  39  40
  41  42  43  44  45  46  47  48  49  50  51  52  53  54  55  56  57  58  59  60
  61  62  63  64  65  66  67  68  69  70  71  72  73  74  75  76  77  78  79  80
  80  83  83  85  85  86  87  88  89  90  91  92  93  94  95  96
   1   2   2   2   2   7   7   8   9  10  11  12  13  14  15  16  17  18  19  20
  21  22  23  24  25  26  27  28  29  30  31  32  32  34  35  36  38  38  39  40
  41  42  43  44  45  46  47  48  49  50  51  52  53  54  55  56  57  58  59  60
  61  62  63  64  65  66  67  68  69  70  71  72  73  74  75  76  77  78  79  80
  80  85  85  85  85  86  87  88  89  90  91  92  93  94  95  96
   1   2   2   2   8   7   7   8   9  10  10  12  13  14  15  16  17  18  19  20
  21  22  23  24  25  26  27  28  29  30  31  32  33  34  35  36  37  38  39  40
  41  42  43  44  45  46  47  48  49  50  51  52  53  54  55  56  57  58  59  60
  61  62  63  64  65  66  67  68  69  70  71  72  73  74  75  76  77  78  79  80
  80  86  86  86  86  86  87  88  89  90  91  92  93  94  95  96
   1   1   1   8   8   8   8   8   9  10  11  12  13  14  15  16  17  18  19  20
  21  22  23  24  25  26  27  28  29  30  31  32  33  34  35  36  37  38  39  40
  41  42  43  44  45  46  47  48  49  50  51  52  53  54  55  56  57  58  59  60
  61  62  63  64  65  66  67  68  69  70  71  72  73  74  75  76  77  78  79  80
  80  86  86  86  86  86  87  88  89  90  91  92  93  94  95  96
   1   1   1   8   8   8   8   8   9  10  11  11  13  14  15  16  17  18  19  20
  21  22  23  24  25  26  27  28  29  30  31  32  33  34  35  36  37  38  39  40
  41  42  43  44  45  46  47  48  49  50  51  52  53  54  55  56  57  58  59  60
  61  62  63  64  65  66  67  68  69  70  71  72  73  74  75  76  77  78  79  80
  81  81  86  86  86  86  86  89  89  90  91  92  93  94  95  96
   1   1   1   1   8   8  10  10  10  10  11  12  13  14  15  16  17  18  19  20
  21  22  23  24  25  26  27  28  29  30  31  32  33  34  35  36  37  38  39  40
  41  42  43  44  45  46  47  48  49  50  51  52  53  54  55  56  57  58  59  60
  61  62  63  64  65  66  67  68  69  70  71  72  73  74  75  76  77  78  79  80
  81  81  86  86  86  86  86  86  89  90  91  92  93  94  95  96
   1   2   2   2   2   2  10  10  10  10  11  12  13  14  15  16  17  18  19  20
  21  22  23  24  25  26  27  28  29  30  31  32  33  34  35  36  37  38  39  40
  41  42  43  44  45  46  47  48  49  50  51  52  53  54  55  56  57  58  59  60
  61  62  63  64  65  66  67  68  69  70  71  72  73  74  75  76  77  78  79  80
  80  86  86  86  86  86  86  88  90  90  91  92  93  94  95  96
   1   2   2   2   2   2   2  10  10  10  11  12  13  14  15  16  17  18  19  20
  21  22  23  24  25  26  27  28  29  30  31  32  33  34  35  36  37  38  39  40
  41  42  43  44  45  46  47  48  49  50  51  52  53  54  55  56  57  58  59  60
  61  62  63  64  65  66  67  68  69  70  71  72  73  74  75  76  77  78  79  79
  78  78  86  86  78  78  87  88  90  90  91  92  93  94  95  96
   1   2   2   2   2   2   2  10  10  10  11  12  13  14  15  16  17  18  19  20
  21  22  23  24  25  26  27  28  29  30  31  32  33  34  35  36  37  38  39  40
  41  42  43  44  45  46  47  48  49  50  51  52  53  54  55  56  57  58  59  60
  61  62  63  64  65  66  67  68  69  70  71  72  73  74  75  76  77  78  78  78
  78  78  78  78  78  87  87  88  90  90  91  92  93  94  95  96
   1   1   2   2   2   2   2  10  10  10  11  12  13  14  15  16  17  17  19  20
  21  22  23  24  25  26  27  28  29  30  31  32  33  34  35  36  37  38  39  40
  41  42  43  44  45  46  47  48  49  50  51  52  53  54  55  56  57  58  59  60
  61  62  63  64  65  66  67  68  69  70  71  72  73  74  75  76  77  78  78  78
  78  78  78  78  78  87  87  88  90  91  91  92  93  94  95  96
   1   1   2   2   2   2   2   2  10  10  11  12  13  14  15  16  16  17  19  20
  21  22  23  24  25  26  27  28  29  30  31  32  33  34  35  36  37  38  39  40
  41  42  43  44  45  46  47  48  49  50  51  52  53  54  55  56  57  58  59  60
  61  62  63  64  65  66  67  68  69  70  71  72  73  74  75  76  77  78  78  78
  78  78  78  78  78  87  87  88  90  90  91  92  93  94  95  96
   1   1   2   2   2   2   7   7  10  10  11  12  13  14  15  16  17  17  21  21
  21  22  23  24  25  26  27  28  29  30  31  32  33  34  35  36  37  38  39  40
  41  42  43  44  45  46  47  48  49  50  51  52  53  54  55  56  57  58  59  60
  61  62  63  64  65  66  67  68  69  70  71  72  73  74  75  76  77  78  78  78
  78  78  78  78  78  87  87  88  89  90  91  92  93  94  95  96
   1   1   2   2   2   2   7   7   7  11  11  12  13  14  15  16  17  17  20  21
  21  22  23  24  25  26  27  28  29  30  31  32  33  34  35  36  37  38  39  40
  41  42  43  44  45  46  47  48  49  50  51  52  53  54  55  56  57  58  59  60
  61  62  63  64  65  66  67  68  69  70  71  72  73  74  75  76  77  78  78  78
  78  78  78  78  87  87  87  88  89  90  91  92  93  94  95  96
   1   1   1   1   2   7   7   7   7  11  11  12  13  14  15  16  16  17  20  21
  21  22  23  24  25  26  27  28  29  30  30  32  33  34  35  36  37  38  39  40
  41  42  43  44  45  46  47  48  49  50  51  52  53  54  55  56  57  58  59  60
  61  62  63  64  65  66  67  68  69  70  71  72  73  74  75  76  77  78  79  79
  80  80  84  84  86  86  87  88  89  90  91  92  92  94  95  96
   1   1   1   1   1   7   7   7   7  11  11  12  13  14  15  16  17  17  20  20
  21  22  23  24  25  26  27  27  29  30  31  33  33  34  35  36  37  38  39  40
  41  42  43  44  45  46  47  48  49  50  51  52  53  54  55  56  57  58  59  60
  61  62  63  64  65  66  67  68  69  70  71  72  73  74  75  76  77  78  79  80
  80  82  84  84  85  86  87  88  89  90  91  91  91  95  96  96
   1   1   1   1   1   6   7   7   7  11  11  12  13  14  15  16  17  18  19  20
  21  22  23  24  25  26  26  27  31  31  31  31  33  34  35  36  37  38  39  40
  41  42  43  44  45  46  47  48  49  50  51  52  53  54  55  56  57  58  59  60
  61  62  63  64  65  66  67  68  69  70  71  72  73  74  75  76  77  78  79  80
  81  82  83  84  85  86  87  88  89  90  91  91  95  95  96  96
  96   1   1   1   6   6   7   7  11  11  11  12  13  14  15  16  17  18  19  20
  21  22  23  24  25  25  26  31  31  31  31  32  33  34  35  36  37  38  39  40
  41  42  43  44  45  46  47  48  49  50  51  52  53  54  55  56  57  58  59  60
  61  62  63  64  65  66  67  68  69  70  71  72  73  74  75  76  77  78  79  80
  81  82  83  84  85  86  87  88  89  90  91  91  95  95  95  96
  96   1   1   4   6   6   7   7  10  10  11  12  13  14  15  16  17  18  19  20
  21  22  23  24  24  25  31  31  31  31  31  32  33  34  35  36  37  38  39  40
  41  42  43  44  45  46  47  48  49  50  51  52  53  54  55  56  57  58  59  60
  61  62  63  64  65  66  67  68  69  70  71  72  73  74  75  76  77  78  79  80
  81  82  83  84  85  86  87  88  89  90  91  91  95  95  95  96
   1   4   4   4   5   6   7   8   9  10  11  12  13  14  15  16  17  18  19  20
  21  22  22  24  20  20  31  31  31  31  31  32  33  34  35  36  37  38  39  40
  41  42  43  44  45  46  47  48  49  50  51  52  53  54  55  56  57  58  59  60
  61  62  63  64  65  66  67  68  69  70  71  72  73  73  75  76  77  78  79  80
  81  82  83  84  85  86  87  88  89  90  91  91  93  95  95  96
   1   1   3   4   5   6   7   8   9  10  11  12  13  14  15  16  17  18  19  20
  20  22  20  20  20  20  20  20  31  31  31  32  33  34  35  36  37  38  39  40
  41  42  43  44  45  46  47  48  49  50  51  52  53  54  55  56  57  58  59  60
  61  62  63  64  65  66  67  68  69  70  71  72  72  76  76  76  77  78  79  80
  81  82  83  84  85  86  87  88  89  90  91  92  93  93  96  96
   1   2   3   4   5   6   7   8   9  10  11  12  13  14  15  16  17  18  19  19
  20  20  20  20  20  20  20  20  20  31  31  32  33  34  35  36  37  38  39  40
  41  42  43  44  45  46  47  48  49  50  51  52  53  54  55  56  57  58  59  60
  61  62  63  64  65  66  67  68  69  70  71  72  72  75  75  76  77  78  79  80
  81  82  83  84  85  86  87  88  89  90  91  92  93  93  96  96
   1   2   3   4   5   6   7   8   9  10  11  12  13  14  15  16  17  18  18  20
  20  20  20  20  20  20  20  20  20  31  31  32  33  34  35  36  37  38  39  40
  41  42  43  44  45  46  47  48  49  50  51  52  53  54  55  56  57  58  59  60
  61  62  63  64  65  66  67  68  69  70  71  71  75  75  75  76  77  78  79  80
  81  82  83  84  85  86  87  88  89  90  91  92  93  94  94  96
   1   2   3   4   5   6   7   8   9  10  11  12  13  14  14  16  17  18  19  20
  20  20  20  20  20  20  20  33  33  33  31  32  33  34  35  36  37  38  39  40
  41  42  43  44  45  46  47  48  49  50  51  52  53  54  55  56  57  58  59  60
  61  62  63  64  65  66  67  68  69  70  71  71  75  75  75  76  77  78  79  80
  81  82  83  84  85  86  87  88  89  90  91  92  93  94  95  96
   1   2   3   4   5   6   7   7   9  10  11  12  12  14  16  16  17  18  19  20
  20  20  20  20  20  20  33  33  33  33  33  32  33  34  35  36  37  38  39  40
  41  42  43  44  45  46  47  48  49  50  51  52  53  54  55  56  57  58  59  60
  61  62  63  64  65  66  67  68  69  70  70  70  75  75  75  76  77  77  79  80
  81  82  83  84  85  86  87  88  89  90  91  92  93  94  94  96
   1   2   3   4   5   6   6   8   9  10  11  11  13  14  16  16  17  18  19  20
  20  20  20  20  20  20  33  33  33  33  33  33  33  34  35  36  37  38  39  40
  41  42  43  44  45  46  47  48  49  50  51  52  53  54  55  56  57  58  59  60
  61  62  63  64  65  66  67  68  69  70  70  75  75  75  75  76  77  77  79  80
  81  82  83  84  85  86  87  88  89  90  91  92  93  93  95  96
   1   2   3   4   5   5   7   8   9  10  11  12  13  14  15  16  17  18  18  20
  20  20  20  20  20  20  20  33  33  33  33  33  33  34  35  36  37  38  39  40
  41  42  43  44  45  46  47  48  49  50  51  52  53  54  55  56  57  58  59  60
  61  62  63  64  65  66  67  68  69  69  69  75  75  75  75  75  77  80  80  81
  81  82  83  84  85  86  87  88  89  90  91  92  93  94  95  95
   1   2   2   4   5   7   7   8   9  10  11  12  13  14  15  16  17  18  18  20
  20  20  20  20  20  20  20  33  33  33  33  33  33  34  35  36  37  38  39  40
  41  42  43  44  45  46  47  48  49  50  51  52  53  54  55  56  57  58  59  60
  61  62  63  64  65  66  67  68  69  69  75  75  75  75  75  75  80  80  80  80
  81  82  83  84  85  86  87  88  89  90  91  92  93  94  95  95
   1   2   3   4   5   6   7   8   9  10  11  12  13  14  15  16  17  18  18  20
  20  20  20  20  20  20  20  33  33  33  33  33  36  36  36  36  37  38  39  40
  41  42  43  44  45  46  47  48  49  50  51  52  53  54  55  56  57  58  59  60
  61  62  63  64  65  66  67  68  68  68  75  75  75  75  75  80  80  80  80  80
  81  81  84  84  85  86  87  88  89  90  91  92  93  94  94  96
   1   1   3   4   5   6   7   8   9  10  11  12  13  14  15  16  16  18  18  20
  20  20  20  20  20  20  33  33  33  33  33  36  36  36  36  36  37  38  39  40
  41  42  43  44  45  46  47  48  49  50  51  52  53  54  55  56  57  58  59  60
  61  62  63  64  65  66  67  68  68  68  80  80  80  80  80  80  80  80  80  81
  81  81  84  84  85  88  88  88  89  90  91  92  92  94  96  96
   1   2   3   4   4   6   7   8   9  10  11  12  13  13  15  16  16  18  19  20
  20  20  20  20  20  20  33  33  33  33  36  36  36  36  36  36  37  38  39  40
  41  42  43  44  45  46  47  48  49  50  51  52  53  54  55  56  57  58  59  60
  61  62  63  64  65  66  67  68  69  69  80  80  80  80  80  80  80  80  80  81
  81  81  81  84  88  88  88  88  89  90  91  92  93  93  96  96
   1   1   3   4   4   6   7   8   9  10  11  12  12  12  16  16  16  18  19  20
  20  20  20  19  19  19  19  33  33  33  36  36  36  36  36  37  37  38  39  40
  41  42  43  44  45  46  47  48  49  50  51  52  53  54  55  56  57  58  59  60
  61  62  63  64  65  66  67  68  68  68  80  80  80  80  80  80  80  80  80  81
  81  81  82  84  86  87  87  88  89  89  91  92  93  93  96  96
  96   1   3   4   4   6   7   8   9  10  11  12  12  15  15  16  17  18  19  20
  20  20  20  19  19  19  19  19  33  33  36  36  36  36  36  38  38  38  39  40
  41  42  43  44  45  46  47  48  49  50  51  52  53  54  55  56  57  58  59  60
  61  62  63  64  65  66  67  67  67  71  80  80  80  80  80  80  80  80  80  80
  81  82  82  84  86  86  87  88  88  89  91  92  93  94  95  96
   1   1   4   4   4   6   7   9   9  10  11  12  12  15  15  16  17  18  19  20
  20  20  20  19  19  19  19  19  19  30  30  30  30  30  36  38  38  38  39  40
  41  42  43  44  45  46  47  48  49  50  51  52  53  54  55  56  57  58  59  60
  61  62  63  64  65  66  66  66  71  71  71  71  71  80  80  80  79  79  79  80
  81  82  82  84  84  86  87  88  88  89  91  92  93  94  95  96
   1   1   1   4   4   6   9   9   9  10  11  11  11  15  15  16  17  18  19  19
  19  19  19  19  19  19  19  19  30  30  30  30  30  30  30  38  38  38  39  40
  41  42  43  44  45  46  47  48  49  50  51  52  53  54  55  56  57  58  59  60
  61  62  63  64  65  65  65  65  71  71  71  71  71  71  80  80  79  79  79  80
  81  82  83  83  83  86  87  88  89  89  89  91  91  95  95  96
   1   2   2   4   5   6   6   9   9   9   9   9   9  15  15  16  17  18  19  19
  19  19  19  19  19  26  26  26  30  30  30  30  30  30  30  36  37  38  39  40
  41  42  43  44  45  46  47  48  49  50  51  52  53  54  55  56  56  58  59  60
  61  62  63  64  65  65  65  70  70  70  71  71  71  71  75  76  79  79  79  80
  81  82  83  83  83  87  87  88  89  89  89  91  91  91  96  96
   1   2   3   4   5   6   6   9   9   9   9   9  13  15  15  16  17  18  19  19
  19  19  25  25  25  26  26  28  30  30  30  30  30  30  35  36  37  38  39  40
  41  42  42  44  45  46  47  48  49  50  51  52  53  54  54  56  56  58  59  60
  61  62  63  64  65  65  67  70  70  70  71  71  71  71  75  76  77  77  79  80
  82  82  83  83  83  87  87  88  89  89  89  91  91  91   1   1
   2   2   3   4   5   6   7   8   9  10  10  13  13  14  15  16  17  18  19  19
  19  19  25  25  25  26  27  28  29  30  30  30  30  35  35  36  37  38  39  40
  41  42  42  44  45  46  47  48  49  50  51  52  52  54  54  56  56  58  59  60
  61  62  63  64  65  66  67  68  70  70  71  71  73  74  75  76  77  77  79  80
  82  82  83  83  86  86  87  88  88  88  91  93  93  94  95   2
   1   2   3   4   5   6   7   8   9  10  11  11  13  14  15  16  17  18  18  18
  18  18  25  25  25  26  27  28  29  30  30  32  33  35  35  36  37  38  39  40
  41  42  42  44  45  46  47  48  49  50  51  52  53  54  55  56  56  58  59  61
  61  61  63  64  65  66  67  68  70  70  71  71  73  74  75  76  77  77  79  80
  82  82  83  84  85  86  87  88  88  90  91  93  93  94  95  96
   1   2   3   4   5   6   7   8   9  10  11  12  13  14  15  16  17  18  18  21
  21  22  23  25  25  26  27  28  29  30  30  32  33  35  35  36  37  38  39  40
  41  42  42  44  45  46  47  48  49  51  51  52  53  54  55  56  56  58  59  61
  61  61  63  64  65  66  67  68  69  70  71  72  73  74  75  76  77  77  79  80
  82  82  83  84  85  86  87  88  88  90  91  93  93  94  95  96
   1   2   3   4   5   6   7   8   9  10  11  12  13  14  15  16  17  18  18  21
  21  22  23  24  25  26  27  28  29  30  31  32  33  34  35  36  37  38  39  40
  41  42  43  44  45  46  47  48  49  50  51  52  53  54  55  56  57  58  59  60
  61  62  63  64  65  66  67  68  69  70  71  72  73  74  75  76  77  78  79  80
  81  82  83  84  85  86  87  88  89  90  91  92  93  94  95  96
   1   2   3   4   5   6   7   8   9  10  11  12  13  14  15  16  17  18  19  20
  21  22  23  24  25  26  27  28  29  30  31  32  33  34  35  36  37  38  39  40
  41  42  43  44  45  46  47  48  49  50  51  52  53  54  55  56  57  58  59  60
  61  62  63  64  65  66  67  68  69  70  71  72  73  74  75  76  77  78  79  80
  81  82  83  84  85  86  87  88  89  90  91  92  93  94  95  96
   1   2   3   4   5   6   7   8   9  10  11  12  13  14  15  16  17  18  19  20
  21  22  23  24  25  26  27  28  29  30  31  32  33  34  35  36  37  38  39  40
  41  42  43  44  45  46  47  48  49  50  51  52  53  54  55  56  57  58  59  60
  61  62  63  64  65  66  67  68  69  70  71  72  73  74  75  76  77  78  79  80
  81  82  83  84  85  86  87  88  89  90  91  92  93  94  95  96
   1   2   3   4   5   6   7   8   9  10  11  12  13  14  15  16  17  18  19  20
  21  22  23  24  25  26  27  28  29  30  31  32  33  34  35  36  37  38  39  40
  41  42  43  44  45  46  47  48  49  50  51  52  53  54  55  56  57  58  59  60
  61  62  63  64  65  66  67  68  69  70  71  72  73  74  75  76  77  78  79  80
  81  82  83  84  85  86  87  88  89  90  91  92  93  94  95  96
   5   5   5   5   5   5   5   5   5   5   5   5   5   5   5   5   5   5   5   5
   5   5   5   5   5   5   5   5   5   5   5   5   5   5   5   5   5   5   5   5
   5   5   5   5   5   5   5   5   5   5   5   5   5   5   5   5   5   5   5   5
   5   5   5   5   5   5   5   5   5   5   5   5   5   5   5   5   5   5   5   5
   5   5   5   5   5   5   5   5   5   5   5   5   5   5   5   5
   5   5   5   5   5   5   5   5   5   5   5   5   5   5   5   5   5   5   5   5
   5   5   5   5   5   5   5   5   5   5   5   5   5   5   5   5   5   5   5   5
   5   5   5   5   5   5   5   5   5   5   5   5   5   6   6   6   6   5   5   5
   5   5   5   5   5   5   5   5   5   5   5   5   5   5   5   5   5   5   5   5
   5   5   5   5   5   5   5   5   5   5   5   5   5   5   5   5
   6   6   6   5   5   5   5   5   5   5   5   5   5   5   5   5   5   5   5   5
   5   5   5   5   5   5   5   5   5   5   9   9   9   9   9   9   9   9   9   9
   5   5   5   5   5   5   5   5   5   5   5   5   5   6   6   6   6   6   6   6
   6   6   6   6   6   6   6   6   7   7   5   5   5   5   5   5   5   5   5   5
   5   5   5   5   5   5   5   5   5   6   6   6   6   6   6   6
   6   6   6   5   5   5   5   5   5   5   5   5   9   9   9   9   5   5   5   5
   5   5   5   5   5   5   5   5   5   9   9   9   9   9   9   9   9   9   9   9
   5   5   5   5   5   5   5   5   5   5   5   5   5   6   6   6   6   6   6   6
   6   6   6   6   6   6   6   6   7   7   7   5   5   5   5   5   5   5   5   5
   5   5   5   5   5   5   5   5   5   6   6   6   6   6   6   6
   6   6   6   5   5   5   5   5   5   5   9   9   9   9   9   9   8   8   8   8
   9   9   9   9   9  10  10  10  10   9   9   9   9   9   9   9   9   9   9   9
   5   5   5   5   5   5   5   5   5   5   5   5   5   6   6   6   6   6   6   6
   6   6   6   6   6   6   6   6   7   7   7   7   7   5   5   5   5   5   5   5
   5   5   5   5   5   5   5   5   5   6   6   6   6   6   6   6
   7   8   8   8   8   8   8   8   8   8   8   9   9   9   9   8   8   8   8   8
   9   9   9   9   9  10  10  10  10   9   9   9   9   9   9   9   9   9   9   9
   8   5   5   7   7   6   6   6   6   6   6   6   6   6   6   6   6   6   6   6
   6   6   6   6   6   6   6   6   7   7   7   7   7   7   7   7   7   5   6   6
   6   6   6   6   6   6   6   6   6   6   6   6   7   7   7   7
   7   8   8   8   8   8   8   8   8   8   8   9   9   9   9   9   8   8   8   8
   9   9   9   9   9  10  10  10  10   9   9   9   9   9   9   9   9   9   9   9
   8   8   8   7   7   7   7   7   7   7   7   7   7   7   7   7   7   7   7   7
   7   7   7   7   7   7   7   7   7   7   7   7   7   7   7   7   8   8   7   7
   7   7   7   7   7   7   7   7   7   7   7   7   7   7   7   7
   8   8   8   8   8   8   8   8   8   8   8   9   9   9   9   9   9   8   8   8
   9   9   9   9   9  10  10  10  10   9   9   9   9   9   9   9   9   9   9   9
   8   8   8   8   8   8   8   8   8   8   8   8   8   8   8   8   8   8   8   8
   8   8   8   8   8   8   8   8   8   8   8   8   8   8   8   8   8   8   8   8
   8   8   8   8   8   8   8   8   8   8   8   8   8   8   8   8
   9   9   9   9   9   9   9   9   9   9   9   9   9   9   9   9   9   9   9   9
   9   9   9   9   9  10  10  10  10   9   9   9   9   9   9   9   9   9   9   9
   9   9   9   9   9   9   9   9   9   9   9   9   9   9   9   9   9   9   9   9
   9   9   9   9   9   9   9   9   9   9   9   9   9   9   9   9   9   9   9   8
   9   9   9   9   9   9   9   9   9   9   9   9   9   9   9   9
  10  10  10  10  10  10  10  10  10  10  10  10  10  10  10  10  10  10  10  10
  10  10  10  10  10  10  10  10  10  10  10  10  10  10  10  10  10  10  10  10
   9  10  10  10  10  10  10  10  10  10  10  10  10  10  10  10  10  10  10  10
  10  10  10  10  10  10  10  10  10  10  10  10  10  10  10  10  10  10  10  10
  10  10  10  10  10  10  10  10  10  10  10  10  10  10  10  10
  11  11  11  11  11  11  11  11  11  11  11  11  11  11  11  11  11  11  11  11
  11  11  11  11  11  11  11  11  11  11  11  11  11  11  11  11  11  11  10  10
  11  11  11  11  11  11  11  11  11  11  11  11  11  11  11  11  11  11  11  11
  11  11  11  11  11  11  11  11  11  11  11  11  11  11  11  11  11  11  11  11
  11  10  11  11  11  11  11  11  11  11  11  11  11  11  11  11
  12  12  12  12  12  12  12  12  12  12  12  12  12  12  12  12  12  12  12  12
  12  12  12  12  12  12  12  12  11  11  12  12  12  12  12  11  11  11  11  11
  12  12  12  12  12  12  12  12  12  12  12  12  12  12  12  12  12  12  12  12
  12  12  12  12  12  12  12  12  12  12  12  12  12  12  12  12  12  12  12  12
  12  12  12  12  12  12  12  12  12  12  12  12  12  12  12  12
  13  13  13  13  13  13  13  13  13  13  13  13  13  13  13  13  13  13  13  13
  13  13  13  13  13  13  13  13  11  11  12  12  12  12  12  11  11  11  11  11
  11  12  13  13  13  13  13  13  13  13  13  13  13  13  13  13  13  13  13  13
  13  13  13  13  13  13  13  13  13  13  13  13  13  13  13  13  13  13  13  13
  13  13  13  13  13  13  13  13  13  13  13  13  13  13  13  13
  14  14  14  14  14  14  14  14  14  14  14  14  14  14  14  14  14  14  14  14
  14  14  14  14  14  14  14  14  14  11  12  12  12  12  11  11  11  11  11  11
  14  14  14  14  14  14  14  14  14  14  14  14  14  14  14  14  14  14  14  14
  14  14  14  14  14  14  14  14  14  14  14  14  14  14  14  14  14  14  14  14
  14  14  14  14  14  14  14  14  14  14  14  14  14  14  14  14
  15  15  15  15  15  15  15  15  15  15  15  15  15  15  15  15  15  15  15  15
  15  15  15  15  15  15  15  15  16  17  17  12  19  11  11  11  11  11  11  11
  15  15  15  15  15  15  15  15  15  15  15  15  15  15  15  15  15  15  15  15
  15  15  15  15  15  15  15  15  15  15  15  15  15  15  15  15  15  15  15  15
  15  15  15  15  15  15  15  15  15  15  15  15  15  15  15  15
  16  16  16  16  16  16  16  16  16  16  16  16  16  16  16  16  16  16  16  16
  16  16  16  16  16  16  16  16  16  17  17  17  19  20  20  20  20  20  18  16
  16  16  16  16  16  16  16  16  16  16  16  16  16  16  16  16  16  16  16  16
  16  16  16  16  16  16  16  16  16  16  16  16  16  16  16  16  16  16  16  16
  16  16  16  16  16  16  16  16  16  16  16  16  16  16  16  16
  17  17  17  16  16  17  17  17  17  17  17  17  17  17  17  17  17  17  17  17
  17  17  17  17  17  17  17  17  17  17  17  18  19  20  20  20  20  18  18  17
  17  17  17  17  17  17  17  17  17  17  17  17  17  17  17  17  17  17  17  17
  17  17  17  17  17  17  17  17  17  17  17  17  17  17  17  17  17  17  17  17
  17  16  16  16  17  17  17  17  17  17  17  17  17  17  17  17
  18  18  18  18  16  17  18  18  18  18  18  18  18  18  18  18  18  18  18  18
  18  18  18  18  18  18  18  18  18  18  18  18  19  20  20  20  19  18  18  18
  18  18  18  18  18  18  18  18  18  18  18  18  18  18  18  18  18  18  18  18
  18  18  18  18  18  18  18  18  18  18  18  18  18  18  18  18  18  18  18  18
  18  16  16  17  17  18  18  18  18  18  18  18  18  18  18  18
  19  19  19  19  19  19  19  19  19  19  19  19  19  19  19  19  19  19  19  19
  19  19  19  19  19  19  19  19  19  19  19  19  19  20  20  20  19  19  19  19
  19  19  19  19  19  19  19  19  19  19  19  19  19  19  19  19  19  19  19  19
  19  19  19  19  19  19  19  19  19  19  19  19  19  19  19  19  19  19  19  19
  19  17  17  17  17  18  19  19  19  19  19  19  19  19  19  19
  20  20  20  20  21  19  19  20  20  20  20  20  20  20  20  20  20  20  20  20
  20  20  20  20  20  20  20  20  20  20  20  20  20  20  20  20  20  20  20  20
  20  20  20  20  20  20  20  20  20  20  20  20  20  20  20  20  20  20  20  20
  20  20  20  20  20  20  20  20  20  20  20  20  20  20  20  20  20  20  20  20
  20  18  18  18  18  18  19  20  20  20  20  20  20  20  20  20
  21  21  21  21  21  21  21  21  21  21  21  21  21  21  21  21  21  21  21  21
  21  21  21  21  21  21  21  21  21  21  21  21  21  21  21  21  21  21  21  21
  21  21  21  21  21  21  21  21  21  21  21  21  21  21  21  21  21  21  21  21
  21  21  21  21  21  21  21  21  21  21  21  21  21  21  21  21  21  21  21  21
  21  18  18  18  18  18  19  20  21  21  21  21  21  21  21  21
  22  22  22  21  21  21  21  21  21  22  22  22  22  22  22  22  22  22  22  22
  22  22  22  22  22  22  22  22  22  22  22  22  22  22  22  22  22  22  22  22
  22  22  22  22  22  22  22  22  22  22  22  22  22  22  22  22  22  22  22  22
  22  22  22  22  22  22  22  22  22  22  22  22  22  22  22  22  22  22  22  22
  22  22  18  18  18  18  18  22  22  22  22  22  22  22  22  22
  23  23  23  23  21  21  23  23  23  23  23  23  23  23  23  23  23  23  23  23
  23  23  23  23  23  23  23  23  23  23  23  23  23  23  23  23  23  23  23  23
  23  23  23  23  23  23  23  23  23  23  23  23  23  23  23  23  23  23  23  23
  23  23  23  23  23  23  23  23  23  23  23  23  23  23  23  23  23  23  23  23
  23  23  18  18  18  18  18  18  22  23  23  23  23  23  23  23
  24  24  24  26  26  26  24  24  24  24  24  24  24  24  24  24  24  24  24  24
  24  24  24  24  24  24  24  24  24  24  24  24  24  24  24  24  24  24  24  24
  24  24  24  24  24  24  24  24  24  24  24  24  24  24  24  24  24  24  24  24
  24  24  24  24  24  24  24  24  24  24  24  24  24  24  24  24  24  24  24  24
  24  18  18  18  18  18  18  29  24  24  24  24  24  24  24  24
  25  25  25  26  26  26  26  25  25  25  25  25  25  25  25  25  25  25  25  25
  25  25  25  25  25  25  25  25  25  25  25  25  25  25  25  25  25  25  25  25
  25  25  25  25  25  25  25  25  25  25  25  25  25  25  25  25  25  25  25  25
  25  25  25  25  25  25  25  25  25  25  25  25  25  25  25  25  25  25  25  25
  28  28  18  18  28  28  29  29  25  25  25  25  25  25  25  25
  26  26  26  26  26  26  26  26  26  26  26  26  26  26  26  26  26  26  26  26
  26  26  26  26  26  26  26  26  26  26  26  26  26  26  26  26  26  26  26  26
  26  26  26  26  26  26  26  26  26  26  26  26  26  26  26  26  26  26  26  26
  26  26  26  26  26  26  26  26  26  26  26  26  26  26  26  26  26  26  26  28
  28  28  28  28  28  29  29  29  25  25  26  26  26  26  26  26
  27  27  26  26  26  26  26  27  27  27  27  27  27  27  27  27  27  27  27  27
  27  27  27  27  27  27  27  27  27  27  27  27  27  27  27  27  27  27  27  27
  27  27  27  27  27  27  27  27  27  27  27  27  27  27  27  27  27  27  27  27
  27  27  27  27  27  27  27  27  27  27  27  27  27  27  27  27  27  27  27  28
  28  28  28  28  28  29  29  29  28  27  27  27  27  27  27  27
  28  28  26  26  26  26  26  26  28  28  28  28  28  28  28  28  28  27  27  27
  28  28  28  28  28  28  28  28  28  28  28  28  28  28  28  28  28  28  28  28
  28  28  28  28  28  28  28  28  28  28  28  28  28  28  28  28  28  28  28  28
  28  28  28  28  28  28  28  28  28  28  28  28  28  28  28  28  28  28  28  28
  28  28  28  28  28  29  29  29  28  28  28  28  28  28  28  28
  29  29  26  26  26  26  35  35  28  28  29  29  29  29  29  29  29  29  29  29
  29  29  29  29  29  29  29  29  29  29  29  29  29  29  29  29  29  29  29  29
  29  29  29  29  29  29  29  29  29  29  29  29  29  29  29  29  29  29  29  29
  29  29  29  29  29  29  29  29  29  29  29  29  29  29  29  29  29  29  29  29
  28  28  28  28  28  29  29  29  29  29  29  29  29  29  29  29
  30  30  26  26  26  26  35  35  35  30  30  30  30  30  30  30  30  30  32  29
  29  30  30  30  30  30  30  30  30  30  30  30  30  30  30  30  30  30  30  30
  30  30  30  30  30  30  30  30  30  30  30  30  30  30  30  30  30  30  30  30
  30  30  30  30  30  30  30  30  30  30  30  30  30  30  30  30  30  30  30  29
  28  28  28  28  30  30  30  30  30  30  30  30  30  30  30  30
  31  31  33  33  26  35  35  35  35  31  31  31  31  31  31  31  31  32  32  31
  31  31  31  31  31  31  31  31  31  31  31  30  31  31  31  31  31  31  31  31
  31  31  31  31  31  31  31  31  31  31  31  31  31  31  31  31  31  31  31  31
  31  31  31  31  31  31  31  31  31  31  31  31  31  31  31  31  31  31  31  31
  32  32  32  32  31  31  31  31  31  31  31  31  31  30  30  31
  32  32  33  33  33  35  35  35  35  32  32  32  32  32  32  32  32  32  32  32
  32  32  32  32  32  32  32  32  31  31  33  32  32  32  32  32  32  32  32  32
  32  32  32  32  32  32  32  32  32  32  32  32  32  32  32  32  32  32  32  32
  32  32  32  32  32  32  32  32  32  32  32  32  32  32  32  32  32  32  32  32
  32  33  32  32  32  32  32  32  32  32  32  32  32  34  32  32
  33  33  33  33  33  35  35  35  35  33  33  33  33  33  33  33  33  33  33  33
  33  33  33  33  33  33  33  32  33  33  33  33  33  33  33  33  33  33  33  33
  33  33  33  33  33  33  33  33  33  33  33  33  33  33  33  33  33  33  33  33
  33  33  33  33  33  33  33  33  33  33  33  33  33  33  33  33  33  33  33  33
  33  33  33  33  33  33  33  33  33  33  33  33  34  34  33  33
  34  33  33  33  35  35  35  35  34  34  34  34  34  34  34  34  34  34  34  34
  34  34  34  34  34  34  33  34  34  34  34  34  34  34  34  34  34  34  34  34
  34  34  34  34  34  34  34  34  34  34  34  34  34  34  34  34  34  34  34  34
  34  34  34  34  34  34  34  34  34  34  34  34  34  34  34  34  34  34  34  34
  34  34  34  34  34  34  34  34  34  34  34  34  34  34  34  34
  34  33  33  36  35  35  35  35  35  35  35  35  35  35  35  35  35  35  35  35
  35  35  35  35  35  34  35  35  35  35  35  35  35  35  35  35  35  35  35  35
  35  35  35  35  35  35  35  35  35  35  35  35  35  35  35  35  35  35  35  35
  35  35  35  35  35  35  35  35  35  35  35  35  35  35  35  35  35  35  35  35
  35  35  35  35  35  35  35  35  35  35  35  35  34  34  34  34
  37  36  36  36  36  36  36  36  36  36  36  36  36  36  36  36  36  36  36  36
  36  36  36  35  41  41  36  36  36  36  36  36  36  36  36  36  36  36  36  36
  36  36  36  36  36  36  36  36  36  36  36  36  36  36  36  36  36  36  36  36
  36  36  36  36  36  36  36  36  36  36  36  36  36  36  35  36  36  36  36  36
  36  36  36  36  36  36  36  36  36  36  36  36  37  34  34  37
  37  37  37  37  37  37  37  37  37  37  37  37  37  37  37  37  37  37  37  37
  37  36  41  41  41  41  41  41  37  37  37  37  37  37  37  37  37  37  37  37
  37  37  37  37  37  37  37  37  37  37  37  37  37  37  37  37  37  37  37  37
  37  37  37  37  37  37  37  37  37  37  37  37  37  37  37  37  37  37  37  37
  37  37  37  37  37  37  37  37  37  37  37  37  37  37  37  37
  38  38  38  38  38  38  38  38  38  38  38  38  38  38  38  38  38  38  38  38
  40  40  41  41  41  41  41  41  41  38  38  38  38  38  38  38  38  38  38  38
  38  38  38  38  38  38  38  38  38  38  38  38  38  38  38  38  38  38  38  38
  38  38  38  38  38  38  38  38  38  38  38  38  38  38  38  38  38  38  38  38
  38  38  38  38  38  38  38  38  38  38  38  38  38  38  38  38
  39  39  39  39  39  39  39  39  39  39  39  39  39  39  39  39  39  39  39  40
  40  40  41  41  41  41  41  41  41  39  39  39  39  39  39  39  39  39  39  39
  39  39  39  39  39  39  39  39  39  39  39  39  39  39  39  39  39  39  39  39
  39  39  39  39  39  39  39  39  39  39  39  39  39  39  39  39  39  39  39  39
  39  39  39  39  39  39  39  39  39  39  39  39  39  39  39  38
  40  40  40  40  40  40  40  40  40  40  40  40  40  40  40  40  40  40  40  40
  40  40  41  41  41  41  41  42  42  42  39  40  40  40  40  40  40  40  40  40
  40  40  40  40  40  40  40  40  40  40  40  40  40  40  40  40  40  40  40  40
  40  40  40  40  40  40  40  40  40  40  40  40  40  40  40  40  40  40  40  40
  40  40  40  40  40  40  40  40  40  40  40  40  40  40  40  40
  41  41  41  41  41  41  41  41  41  41  41  41  41  40  40  40  41  41  41  41
  41  41  41  41  41  41  42  42  42  42  42  40  41  41  41  41  41  41  41  41
  41  41  41  41  41  41  41  41  41  41  41  41  41  41  41  41  41  41  41  41
  41  41  41  41  41  41  41  41  41  41  41  41  40  40  40  41  41  41  41  41
  41  41  41  41  41  41  41  41  41  41  41  41  41  41  41  41
  42  42  42  42  42  42  42  44  41  42  42  42  43  43  42  42  42  42  42  42
  42  42  41  41  41  41  42  42  42  42  42  42  42  42  42  42  42  42  42  42
  42  42  42  42  42  42  42  42  42  42  42  42  42  42  42  42  42  42  42  42
  42  42  42  42  42  42  42  42  42  42  42  40  40  40  40  41  41  41  41  41
  42  42  42  42  42  42  42  42  42  42  42  42  42  42  43  41
  43  43  43  43  43  43  44  44  44  42  43  43  43  43  43  43  43  43  43  42
  42  42  42  42  42  42  42  42  42  42  42  42  42  42  43  43  43  43  43  43
  43  43  43  43  43  43  43  43  43  43  43  43  43  43  43  43  43  43  43  43
  43  43  43  43  43  43  43  43  43  43  43  40  40  40  40  40  41  49  49  43
  43  43  43  43  43  43  43  43  43  43  43  43  43  43  43  43
  43  44  44  43  43  44  44  44  44  44  44  44  44  44  44  44  44  44  44  42
  42  42  42  42  42  42  42  42  42  42  42  42  42  42  43  44  44  44  44  44
  44  44  44  44  44  44  44  44  44  44  44  44  44  44  44  44  44  44  44  44
  44  44  44  44  44  44  44  44  44  44  40  40  40  40  40  40  49  49  49  49
  43  43  43  43  44  44  44  44  44  44  44  44  44  44  44  44
  46  44  45  45  45  45  45  45  45  45  45  45  45  45  45  45  45  45  45  42
  42  42  42  42  42  42  42  42  42  42  42  42  46  46  45  45  45  45  45  45
  45  45  45  45  45  45  45  45  45  45  45  45  45  45  45  45  45  45  45  45
  45  45  45  45  45  45  45  45  45  45  40  40  40  40  40  49  49  49  49  49
  48  48  43  43  44  44  44  45  45  45  45  45  45  45  45  46
  46  46  46  46  46  46  46  46  46  46  46  46  46  46  46  46  46  45  45  49
  42  42  42  42  42  42  42  42  42  42  42  46  46  46  46  46  46  46  46  46
  46  46  46  46  46  46  46  46  46  46  46  46  46  46  46  46  46  46  46  46
  46  46  46  46  46  46  46  46  46  46  49  49  49  49  49  49  49  49  49  48
  48  48  43  43  44  46  46  46  46  46  46  46  46  45  46  46
  47  47  47  47  47  46  46  46  46  46  47  47  47  47  46  47  47  49  49  49
  49  42  42  42  42  42  42  42  42  42  46  46  46  46  46  46  47  47  47  47
  47  47  47  47  47  47  47  47  47  47  47  47  47  47  47  47  47  47  47  47
  47  47  47  47  47  47  47  47  47  47  49  49  49  49  49  49  49  49  49  48
  48  48  48  43  47  47  47  47  47  47  47  47  47  47  47  47
  48  48  47  47  47  46  46  46  46  46  47  48  48  48  48  48  48  49  49  49
  49  49  50  51  51  51  51  42  42  42  46  46  46  46  46  47  47  48  48  48
  48  48  48  48  48  48  48  48  48  48  48  48  48  48  48  48  48  48  48  48
  48  48  48  48  48  48  48  48  48  48  49  49  49  49  49  49  49  49  49  48
  48  48  49  50  49  48  48  48  48  48  47  47  48  48  48  48
  49  48  47  47  47  46  46  46  46  46  47  48  48  49  49  49  49  49  49  49
  49  49  50  51  51  51  51  51  42  42  46  46  46  46  46  49  49  49  49  49
  49  49  49  49  49  49  49  49  49  49  49  49  49  49  49  49  49  49  49  49
  49  49  49  49  49  49  49  49  49  55  49  49  49  49  49  49  49  49  49  49
  49  49  49  50  49  49  49  49  49  48  47  47  48  49  49  49
  50  50  47  47  47  46  46  46  46  46  47  48  48  50  50  50  50  50  50  50
  50  50  50  51  51  51  51  51  51  56  56  56  56  56  46  49  49  49  50  50
  50  50  50  50  50  50  50  50  50  50  50  50  50  50  50  50  50  50  50  50
  50  50  50  50  50  50  50  50  55  55  55  55  55  49  49  49  50  50  50  50
  50  50  50  50  50  50  50  50  50  51  47  47  48  49  50  50
  51  51  51  47  47  46  53  53  53  46  47  47  47  51  51  51  51  51  51  51
  51  51  51  51  51  51  51  51  56  56  56  56  56  56  56  49  49  49  50  50
  50  50  51  51  51  51  51  51  51  51  51  51  51  51  51  51  51  51  51  51
  51  51  51  51  51  51  51  51  55  55  55  55  55  55  49  49  50  50  50  50
  50  51  51  51  51  50  51  51  51  51  51  57  57  50  50  51
  52  52  52  53  53  53  53  53  53  53  53  53  53  52  52  52  52  52  52  52
  52  52  51  51  51  56  56  56  56  56  56  56  56  56  56  56  56  56  56  50
  50  50  51  51  52  52  52  52  52  52  52  52  52  52  52  52  52  51  51  51
  52  52  52  52  52  52  52  55  55  55  55  55  55  55  56  56  50  50  50  50
  50  51  51  51  51  52  52  52  52  52  52  57  57  57  51  51
  52  53  53  53  53  53  53  53  53  53  53  53  54  53  53  53  53  53  53  53
  53  53  56  56  56  56  56  56  56  56  56  56  56  56  56  56  56  56  56  56
  56  56  56  51  52  52  53  53  53  53  53  53  53  53  53  52  52  51  51  51
  52  52  52  52  52  52  56  55  55  55  55  55  55  55  56  56  56  56  57  57
  51  51  51  51  51  53  53  53  53  53  53  57  57  57  52  52
  54  54  54  54  54  54  54  54  54  54  54  54  54  54  54  54  54  54  54  54
  54  54  56  56  56  56  56  56  56  56  56  56  56  56  56  56  56  56  56  56
  56  56  56  57  57  57  53  53  53  54  54  54  54  53  53  52  52  51  51  51
  52  52  52  52  56  56  56  56  55  55  55  55  56  56  56  56  56  56  57  57
  56  56  56  56  54  54  54  54  54  54  57  56  56  56  56  54
  56  54  55  55  55  55  55  55  55  55  55  55  55  55  55  55  55  55  55  55
  55  55  56  56  56  56  56  56  56  56  56  57  57  56  56  56  56  56  56  56
  56  56  56  57  57  57  57  57  57  54  54  54  56  56  56  56  56  57  57  56
  56  56  56  56  56  56  56  56  55  55  55  55  56  56  56  56  56  56  57  57
  56  56  56  56  56  54  55  55  55  57  57  56  56  56  56  56
  56  56  56  56  56  56  56  56  56  56  56  56  56  56  56  56  56  56  56  57
  57  57  57  56  56  56  56  56  56  56  56  57  57  56  56  56  56  56  56  56
  56  56  56  57  57  57  57  57  57  56  56  56  56  56  56  56  56  57  57  56
  56  56  56  56  56  56  56  56  56  56  56  56  56  56  56  56  56  56  57  57
  56  56  56  56  56  56  56  56  56  57  57  56  56  56  56  56
  57  57  57  57  57  57  57  57  57  57  57  57  57  57  57  57  57  57  57  57
  57  57  57  57  57  57  57  57  57  57  57  57  57  57  57  57  57  57  57  57
  57  57  57  57  57  57  57  57  57  57  57  57  57  57  57  57  57  57  57  57
  57  57  57  57  57  57  57  57  57  57  57  57  57  57  57  57  57  57  57  57
  57  57  57  57  57  57  57  57  57  57  57  57  57  57  57  57
  58  58  58  58  58  58  58  58  58  58  58  58  58  58  58  58  58  58  58  58
  58  58  58  58  58  58  58  58  58  58  58  58  58  58  58  58  58  58  58  58
  58  58  58  58  58  58  58  58  58  58  58  58  58  58  58  58  58  58  58  58
  58  58  58  58  58  58  58  58  58  58  58  58  58  58  58  58  58  58  58  58
  58  58  58  58  58  58  58  58  58  58  58  58  58  58  58  58
  59  59  59  59  59  59  59  59  59  59  59  59  59  59  59  59  59  59  59  59
  59  59  59  59  59  59  59  59  59  59  59  59  59  59  59  59  59  59  59  59
  59  59  59  59  59  59  59  59  59  59  59  59  59  59  59  59  59  59  59  59
  59  59  59  59  59  59  59  59  59  59  59  59  59  59  59  59  59  59  59  59
  59  59  59  59  59  59  59  59  59  59  59  59  59  59  59  59
  60  60  60  60  60  60  60  60  60  60  60  60  60  60  60  60  60  60  60  60
  60  60  60  60  60  60  60  60  60  60  60  60  60  60  60  60  60  60  60  60
  60  60  60  60  60  60  60  60  60  60  60  60  60  60  60  60  60  60  60  60
  60  60  60  60  60  60  60  60  60  60  60  60  60  60  60  60  60  60  60  60
  60  60  60  60  60  60  60  60  60  60  60  60  60  60  60  60
